# Symmetric EigenSolver
A serial version of the symmetric eigensolver Following the works of Auckenthaler et. al.

## Requirements

This code run on python 2 and depends on the Numpy, SciPy and Matplotlib packages. The dependencies can be installed via  [PIP](https://pip.pypa.io/en/stable/installing/).

```bash
$ pip install numpy scipy matplotlib
```

Alternatively, dependencies can also be installed via the Linux package manager

### Ubuntu & Debian

```bash
sudo apt-get install python-numpy python-scipy python-matplotlib ipython ipython-notebook python-pandas python-sympy python-nose
```

### Fedora
```bash
sudo dnf install numpy scipy python-matplotlib ipython python-pandas sympy python-nose atlas-devel
```


### Mac
Newer versions of Mac should have the dependencies installed. If not they can be installed using [homebrew](http://brew.sh/)

```bash
brew tap homebrew/python
brew install python numpy scipy matplotlib
```

### Windows

The best way to install Scipy on Windows is by downloading its unoffical Windows installer. A list of Windows installers for many popular packages has been put together by Christoph Gohlke and could be found on his site.

[http://www.lfd.uci.edu/~gohlke/pythonlibs/](http://www.lfd.uci.edu/~gohlke/pythonlibs/)

#USEAGE

Examples are available in the EXAMPLES directory. This includes scripts for calculating the eigenvalues for a randomly generated symmetric matrix as well as the Hamiltonian the H2, H2O and benzene molecules.

## Random symmetric matrix

```python
import symmetricEigenSolver as sym
from utils import matrixgenerators as matgen
import numpy as np


A = matgen.randSymMat(10)

print 'inital matrix:'
print A

val, vec = sym.getEig(A)

print 'eigenvalues:'
print val

print 'eigenvectors:'
print vec
```

## H2 Molecule

```python
import symmetricEigenSolver as sym
import numpy as np

H = np.array(
    [
        [-0.0372004128677, -0.640542854991, 0.0, 0.0, 0.256010272981, -0.355092775341, 0.154062840814, 0.0, 0.0, -0.254201683873],
        [-0.640542854991, 0.555072755579, 0.0, 0.0, 0.0758740141452, -0.0194580359375, -0.195320145417, 0.0, 0.0, 0.222608887781],
        [0.0, 0.0, 2.27848358395, 0.0, 0.0, 0.0, 0.0, -0.459656319322, 0.0, 0.0],
        [0.0, 0.0, 0.0, 2.27848358395, 0.0, 0.0, 0.0, 0.0, -0.459656319322, 0.0],
        [0.256010272981, 0.0758740141452, 0.0, 0.0, 2.04256698916, 1.14581332012, 0.166613677422, 0.0, 0.0, 0.346785511939],
        [-0.355092775341, -0.0194580359375, 0.0, 0.0, 1.14581332012, 1.56083432695, -0.496439216289, 0.0, 0.0, 0.569082835103],
        [0.154062840814, -0.195320145417, 0.0, 0.0, 0.166613677422, -0.496439216289, 0.675230270787, 0.0, 0.0, -0.304990361608],
        [0.0, 0.0, -0.459656319322, 0.0, 0.0, 0.0, 0.0, 2.62031989161, 0.0, 0.0],
        [0.0, 0.0, 0.0, -0.459656319322, 0.0, 0.0, 0.0, 0.0, 2.62031989161, 0.0],
        [-0.254201683873, 0.222608887781, 0.0, 0.0, 0.346785511939, 0.569082835103, -0.304990361608, 0.0, 0.0, 4.22787680605]
    ],
    dtype=np.double
)

val, vec = sym.getEig(H)

print 'eigenvalues:'
print val

print 'eigenvectors:'
print vec

# The canonical transformation matrix
A = np.array(
    [
        [1.0, -0.874501499843, 0.0, 0.0, -3.1249777835e-16, -0.317031074183, 0.381262220747, 0.0, 0.0, -1.35692983329],
        [0.0, 1.32844001491, 0.0, 0.0, 2.05714802924e-16, -0.525804984232, -1.85291834615, 0.0, 0.0, -0.313168220671],
        [0.0, 0.0, 1.0, 0.0, 0.0, 0.0, 0.0, -0.371839016677, 0.0, 0.0],
        [0.0, 0.0, 0.0, 1.0, 0.0, 0.0, 0.0, 0.0, -0.371839016677, 0.0],
        [0.0, 0.0, 0.0, 0.0, 1.0, 0.681268130721, 0.000668895022923, 0.0, 0.0, 1.26802753367],
        [0.0, 0.0, 0.0, 0.0, 0.0, 1.43547059724, -0.755503568227, 0.0, 0.0, 1.10477126661],
        [0.0, 0.0, 0.0, 0.0, 0.0, 0.0, 2.32083678231, 0.0, 0.0, 0.431649298038],
        [0.0, 0.0, 0.0, 0.0, 0.0, 0.0, 0.0, 1.06689467818, 0.0, 0.0],
        [0.0, 0.0, 0.0, 0.0, 0.0, 0.0, 0.0, 0.0, 1.06689467818, 0.0],
        [0.0, 0.0, 0.0, 0.0, 0.0, 0.0, 0.0, 0.0, 0.0, 1.75271804336]
    ],
    dtype=np.double

)

vec_trans = A.dot(vec)

print 'eigenvectors (transformed)'
print vec_trans

```

## H2O molecule

```python
import symmetricEigenSolver as sym
import numpy as np


H = np.array(
    [
        [-20.5511687037, -0.334947304214, 2.41069498212e-11, 0.0, 0.0236675537507, 0.0736280581338, -9.28768041396e-12, 0.0, -0.00788755257093, 0.0276330589412, 0.0, -1.29976925453e-11, 0.0354873979148, 0.0, 0.0619049772543, -0.00337416551197, 0.00315137627033, -0.00604297784234, 0.0, 0.00551623166563, -0.00345285040238, 0.00165107532799, 0.00598014176699, 0.0, 0.005307940673],
        [-0.334947304214, -0.901527501167, -4.20879733988e-11, 0.0, 0.0574467280185, -0.890012748528, 1.88356908791e-11, 0.0, 0.0450283264511, -0.208433543391, 0.0, -1.87571048793e-11, -0.117571015329, 0.0, -0.30650831233, -0.0766313549084, 0.0626188136642, 0.0546879764716, 0.0, -0.0594076130945, -0.0697178939822, 0.0629120873273, -0.0602691730481, 0.0, -0.0599222424355],
        [2.41069498212e-11, -4.20879733988e-11, -0.117564528177, 0.0, -3.00378928054e-10, 1.10224603795e-10, -0.745528716822, 0.0, -1.48209283692e-10, 1.06551446888e-10, 0.0, 0.257067607745, -5.59899422178e-11, 0.0, -1.05478673706e-10, -0.145232737763, 0.144871667957, 0.117237413951, 0.0, -0.176754979936, 0.167206766317, -0.140106920653, 0.11140397162, 0.0, 0.165667936213],
        [0.0, 0.0, 0.0, -0.165361804483, 0.0, 0.0, 0.0, -0.660848309349, 0.0, 0.0, 4.21156890864e-12, 0.0, 0.0, 0.0735875824957, 0.0, 0.0, 0.0, 0.0, -0.0541151304205, 0.0, 0.0, 0.0, 0.0, -0.0557623078024, 0.0],
        [0.0236675537507, 0.0574467280185, -3.00378928054e-10, 0.0, -0.140023349165, 0.0853300137284, 2.22029241764e-10, 0.0, -0.712602423802, 0.0490707083454, 0.0, -1.06306490247e-10, -0.0925523592099, 0.0, 0.084322930421, 0.133475310714, -0.0987809873098, -0.135836678209, 0.0, 0.104780480072, 0.123646644412, -0.101470856582, 0.149698846569, 0.0, 0.100036212966],
        [0.0736280581338, -0.890012748528, 1.10224603795e-10, 0.0, 0.0853300137284, 0.791734717987, -5.71276786963e-13, 0.0, 0.181873482133, 0.163940663844, 0.0, 1.74616341492e-11, 0.44944505451, 0.0, 0.616000409239, -0.224130669636, -0.100620489614, 0.0424033087971, 0.0, -0.0601134927613, -0.223305412676, -0.0932661808094, -0.0534520362169, 0.0, -0.0201907425537],
        [-9.28768041396e-12, 1.88356908791e-11, -0.745528716822, 0.0, 2.22029241764e-10, -5.71276786963e-13, 0.63378081335, 0.0, 7.87494976615e-11, 7.75746336078e-11, 0.0, 0.234939967916, 2.96218023625e-11, 0.0, -5.86427354111e-11, -0.159958876948, -0.279920239487, -0.137852943435, 0.0, 0.163583041463, 0.140369796325, 0.282404154457, -0.134081481646, 0.0, -0.107907449131],
        [0.0, 0.0, 0.0, -0.660848309349, 0.0, 0.0, 0.0, 0.842517888492, 0.0, 0.0, -1.39215946743e-11, 0.0, 0.0, 0.0500797113091, 0.0, 0.0, 0.0, 0.0, -0.00147271709509, 0.0, 0.0, 0.0, 0.0, -0.00151754418805, 0.0],
        [-0.00788755257093, 0.0450283264511, -1.48209283692e-10, 0.0, -0.712602423802, 0.181873482133, 7.87494976615e-11, 0.0, 0.723045774809, 0.0470953814175, 0.0, -6.24668509542e-11, -0.0900982680982, 0.0, 0.0468770828047, 0.12341738794, 0.197127538825, 0.109679900323, 0.0, -0.0953972287448, 0.13620830877, 0.202845501976, -0.107852424806, 0.0, -0.13698593361],
        [0.0276330589412, -0.208433543391, 1.06551446888e-10, 0.0, 0.0490707083454, 0.163940663844, 7.75746336078e-11, 0.0, 0.0470953814175, 2.04941014589, 0.0, 6.44442312624e-11, 0.218043023011, 0.0, 0.313257713678, -0.446927889443, 0.224953086641, -0.20789526734, 0.0, -0.2275506523, -0.40099422093, 0.208614777312, 0.222700091732, 0.0, -0.252781866854],
        [0.0, 0.0, 0.0, 4.21156890864e-12, 0.0, 0.0, 0.0, -1.39215946743e-11, 0.0, 0.0, 2.03241784147, 0.0, 0.0, 4.08266339264e-13, 0.0, 0.0, 0.0, 0.0, -0.339557881919, 0.0, 0.0, 0.0, 0.0, 0.329527592782, 0.0],
        [-1.29976925453e-11, -1.87571048793e-11, 0.257067607745, 0.0, -1.06306490247e-10, 1.74616341492e-11, 0.234939967916, 0.0, -6.24668509542e-11, 6.44442312624e-11, 0.0, 1.77307286887, 2.89033641712e-12, 0.0, 6.71168097454e-12, 0.736284740583, 0.108704045358, -0.140880711696, 0.0, -0.0507863330845, -0.735937052012, -0.0884976400444, -0.102732359263, 0.0, -0.0395672915019],
        [0.0354873979148, -0.117571015329, -5.59899422178e-11, 0.0, -0.0925523592099, 0.44944505451, 2.96218023625e-11, 0.0, -0.0900982680982, 0.218043023011, 0.0, 2.89033641712e-12, 2.3458284115, 0.0, 0.493861154689, 0.265305386353, 0.461627121142, -0.117884333014, 0.0, -0.027070796847, 0.293483674637, 0.433876727116, 0.143638358954, 0.0, -0.142425353246],
        [0.0, 0.0, 0.0, 0.0735875824957, 0.0, 0.0, 0.0, 0.0500797113091, 0.0, 0.0, 4.08266339264e-13, 0.0, 0.0, 2.06666563547, 0.0, 0.0, 0.0, 0.0, 0.251257238041, 0.0, 0.0, 0.0, 0.0, 0.258905103586, 0.0],
        [0.0619049772543, -0.30650831233, -1.05478673706e-10, 0.0, 0.084322930421, 0.616000409239, -5.86427354111e-11, 0.0, 0.0468770828047, 0.313257713678, 0.0, 6.71168097454e-12, 0.493861154689, 0.0, 2.8225229499, -0.115911152074, 0.703325788764, 0.118775024115, 0.0, 0.168454868877, -0.102551304011, 0.606217471791, -0.159810965354, 0.0, 0.102677675006],
        [-0.00337416551197, -0.0766313549084, -0.145232737763, 0.0, 0.133475310714, -0.224130669636, -0.159958876948, 0.0, 0.12341738794, -0.446927889443, 0.0, 0.736284740583, 0.265305386353, 0.0, -0.115911152074, 1.95254026734, -0.0669654481899, -0.257465831449, 0.0, 0.283968432137, -0.129916823063, 0.0106297006192, 0.0385119280047, 0.0, -0.0266532361383],
        [0.00315137627033, 0.0626188136642, 0.144871667957, 0.0, -0.0987809873098, -0.100620489614, -0.279920239487, 0.0, 0.197127538825, 0.224953086641, 0.0, 0.108704045358, 0.461627121142, 0.0, 0.703325788764, -0.0669654481899, 0.941163591108, 0.17979308133, 0.0, -0.181022891294, 0.014958123733, 0.297571137997, 0.0113930882051, 0.0, 0.0163937483419],
        [-0.00604297784234, 0.0546879764716, 0.117237413951, 0.0, -0.135836678209, 0.0424033087971, -0.137852943435, 0.0, 0.109679900323, -0.20789526734, 0.0, -0.140880711696, -0.117884333014, 0.0, 0.118775024115, -0.257465831449, 0.17979308133, 3.21219219412, 0.0, -0.440294061894, -0.0390784998201, 0.0791577728344, -0.159052818881, 0.0, 0.159064466745],
        [0.0, 0.0, 0.0, -0.0541151304205, 0.0, 0.0, 0.0, -0.00147271709509, 0.0, 0.0, -0.339557881919, 0.0, 0.0, 0.251257238041, 0.0, 0.0, 0.0, 0.0, 2.81532970395, 0.0, 0.0, 0.0, 0.0, 0.0400189336766, 0.0],
        [0.00551623166563, -0.0594076130945, -0.176754979936, 0.0, 0.104780480072, -0.0601134927613, 0.163583041463, 0.0, -0.0953972287448, -0.2275506523, 0.0, -0.0507863330845, -0.027070796847, 0.0, 0.168454868877, 0.283968432137, -0.181022891294, -0.440294061894, 0.0, 3.2665208867, -0.154990910505, -0.332862221867, -0.13686564435, 0.0, 0.137214753331],
        [-0.00345285040238, -0.0697178939822, 0.167206766317, 0.0, 0.123646644412, -0.223305412676, 0.140369796325, 0.0, 0.13620830877, -0.40099422093, 0.0, -0.735937052012, 0.293483674637, 0.0, -0.102551304011, -0.129916823063, 0.014958123733, -0.0390784998201, 0.0, -0.154990910505, 1.98129639503, -0.0330485995634, 0.281325706101, 0.0, 0.265821930149],
        [0.00165107532798, 0.0629120873273, -0.140106920653, 0.0, -0.101470856582, -0.0932661808094, 0.282404154457, 0.0, 0.202845501976, 0.208614777312, 0.0, -0.0884976400444, 0.433876727116, 0.0, 0.606217471791, 0.0106297006192, 0.297571137997, 0.0791577728344, 0.0, -0.332862221867, -0.0330485995634, 0.928143446102, -0.172026720806, 0.0, -0.246731159112],
        [0.00598014176699, -0.0602691730481, 0.11140397162, 0.0, 0.149698846569, -0.0534520362169, -0.134081481646, 0.0, -0.107852424806, 0.222700091732, 0.0, -0.102732359263, 0.143638358954, 0.0, -0.159810965354, 0.0385119280047, 0.0113930882051, -0.159052818881, 0.0, -0.13686564435, 0.281325706101, -0.172026720806, 3.28056404505, 0.0, 0.388523579568],
        [0.0, 0.0, 0.0, -0.0557623078024, 0.0, 0.0, 0.0, -0.00151754418805, 0.0, 0.0, 0.329527592782, 0.0, 0.0, 0.258905103586, 0.0, 0.0, 0.0, 0.0, 0.0400189336766, 0.0, 0.0, 0.0, 0.0, 2.81772994584, 0.0],
        [0.005307940673, -0.0599222424355, 0.165667936213, 0.0, 0.100036212966, -0.0201907425537, -0.107907449131, 0.0, -0.13698593361, -0.252781866854, 0.0, -0.0395672915019, -0.142425353246, 0.0, 0.102677675006, -0.0266532361383, 0.0163937483419, 0.159064466745, 0.0, 0.137214753331, 0.265821930149, -0.246731159112, 0.388523579568, 0.0, 3.36666336117]
    ],
    dtype=np.double
)

val, vec = sym.getEig(H)

print 'eigenvalues:'
print val

print 'eigenvectors:'
print vec

# The canonical transformation matrix
A = np.array(
    [
        [1.0, -0.240344769484, 0.0, 0.0, 9.45056202824e-18, 0.0183117251501, 0.0, 0.0, -4.76144022074e-18, 0.129457719476, 0.0, 0.0, 0.18146086361, 0.0, 0.307084507763, 0.0312912591008, 0.205273235627, 0.0147122963636, 0.0, -0.0157012043583, 0.0418332077401, 0.190246053252, -0.0150864799073, 0.0, -0.0504211709448],
        [0.0, 1.02847732509, 0.0, 0.0, 8.60875693935e-18, -1.18722981282, 0.0, 0.0, -9.0753596195e-18, -0.0777877030292, 0.0, 0.0, -0.109035010249, 0.0, -0.184518919314, 0.316357595077, 0.644185137657, 0.0486301297194, 0.0, -0.0518988732844, 0.347813187937, 0.609832273153, -0.0373878808983, 0.0, -0.185933315396],
        [0.0, 0.0, 1.0, 0.0, 0.0, 0.0, -0.579695019023, 0.0, 0.0, 0.0, 0.0, -1.17002210696e-17, 0.0, 0.0, 0.0, -0.00463718761047, 0.230575200313, 0.343618293339, 0.0, -0.379649803743, 0.0369980137594, -0.194428968102, 0.337241345167, 0.0, 0.350503647031],
        [0.0, 0.0, 0.0, 1.0, 0.0, 0.0, 0.0, -0.579695019023, 0.0, 0.0, 0.0, 0.0, 0.0, -1.17002210696e-17, 0.0, 0.0, 0.0, 0.0, -0.0146904610367, 0.0, 0.0, 0.0, 0.0, -0.0151376150064, 0.0],
        [0.0, 0.0, 0.0, 0.0, 1.0, -2.55228334971e-18, 0.0, 0.0, -0.579695019023, -1.69795185818e-17, 0.0, 0.0, -2.38001883395e-17, 0.0, -6.32755744785e-17, 0.00349636635094, -0.173850065914, -0.272508221334, 0.0, 0.273670095228, -0.0190304483647, -0.206414194923, 0.279383678732, 0.0, 0.296689629555],
        [0.0, 0.0, 0.0, 0.0, 0.0, 1.54909296201, 0.0, 0.0, 3.95456536376e-18, -0.947868171155, 0.0, 0.0, -1.32862665604, 0.0, -2.24842235705, -1.03177958868, -3.46731921042, 0.546196171417, 0.0, -0.582909526509, -1.15988756213, -3.0901734121, -0.578758279386, 0.0, 0.0655750987194],
        [0.0, 0.0, 0.0, 0.0, 0.0, 0.0, 1.15587469696, 0.0, 0.0, 0.0, 0.0, 2.3329490576e-17, 0.0, 0.0, 0.0, -0.855033432896, -0.916636336495, 0.381674488079, 0.0, -0.689041405203, 0.878694624371, 1.12252540318, 0.417829817809, 0.0, 0.902977243701],
        [0.0, 0.0, 0.0, 0.0, 0.0, 0.0, 0.0, 1.15587469696, 0.0, 0.0, 0.0, 0.0, 0.0, 2.3329490576e-17, 0.0, 0.0, 0.0, 0.0, -0.319951423596, 0.0, 0.0, 0.0, 0.0, -0.329690229535, 0.0],
        [0.0, 0.0, 0.0, 0.0, 0.0, 0.0, 0.0, 0.0, 1.15587469696, 2.28383567836e-17, 0.0, 0.0, 3.20125208613e-17, 0.0, 1.0003250044e-16, 0.644681728415, 0.691129346532, -0.58017651805, 0.0, 0.245542594692, 0.675539578971, 0.609064718128, 0.65084120872, 0.0, 0.0289506909274],
        [0.0, 0.0, 0.0, 0.0, 0.0, 0.0, 0.0, 0.0, 0.0, 1.41000515404, 0.0, 0.0, 0.485239404145, 0.0, 0.82116606636, -0.335023108689, 0.634339112454, 0.208581968665, 0.0, -0.799926194515, -0.233762494849, 0.684721622527, -0.185323799683, 0.0, -0.909843662052],
        [0.0, 0.0, 0.0, 0.0, 0.0, 0.0, 0.0, 0.0, 0.0, 0.0, 1.0, 0.0, 0.0, 0.0, 0.0, 0.0, 0.0, 0.0, -0.378562477752, 0.0, 0.0, 0.0, 0.0, 0.367380021687, 0.0],
        [0.0, 0.0, 0.0, 0.0, 0.0, 0.0, 0.0, 0.0, 0.0, 0.0, 0.0, 1.0, 0.0, 0.0, 0.0, 0.599680220404, 0.0718080760009, -0.614069960996, 0.0, 0.464586384818, -0.626431288582, -0.144237290431, -0.583337415693, 0.0, -0.548769822519],
        [0.0, 0.0, 0.0, 0.0, 0.0, 0.0, 0.0, 0.0, 0.0, 0.0, 0.0, 0.0, 1.49116458306, 0.0, 0.82116606636, 0.353768886184, 0.716817783976, -0.0993642822453, 0.0, 0.106043194271, 0.379896816447, 0.649379057008, 0.113937302376, 0.0, -0.0441049483653],
        [0.0, 0.0, 0.0, 0.0, 0.0, 0.0, 0.0, 0.0, 0.0, 0.0, 0.0, 0.0, 0.0, 1.0, 0.0, 0.0, 0.0, 0.0, 0.285430140017, 0.0, 0.0, 0.0, 0.0, 0.294118173693, 0.0],
        [0.0, 0.0, 0.0, 0.0, 0.0, 0.0, 0.0, 0.0, 0.0, 0.0, 0.0, 0.0, 0.0, 0.0, 1.70231769136, -0.0378040081965, 0.669929300409, 0.527508580335, 0.0, 0.0143582688506, -0.0303499755317, 0.614469827224, -0.593984326397, 0.0, -0.0272327396586],
        [0.0, 0.0, 0.0, 0.0, 0.0, 0.0, 0.0, 0.0, 0.0, 0.0, 0.0, 0.0, 0.0, 0.0, 0.0, 1.83131320896, -0.194357108597, -0.856776771862, 0.0, 0.914366245216, -0.0864690848896, -0.0514634887782, 0.0920039404776, 0.0, -0.162171810458],
        [0.0, 0.0, 0.0, 0.0, 0.0, 0.0, 0.0, 0.0, 0.0, 0.0, 0.0, 0.0, 0.0, 0.0, 0.0, 0.0, 2.33501688423, -0.527004956377, 0.0, 0.562428346564, 0.0827175513442, -0.370664829215, -0.0588649831391, 0.0, -0.373621818105],
        [0.0, 0.0, 0.0, 0.0, 0.0, 0.0, 0.0, 0.0, 0.0, 0.0, 0.0, 0.0, 0.0, 0.0, 0.0, 0.0, 0.0, 1.39893015463, 0.0, -0.476744124573, -0.0174011574562, 0.108608980069, -0.0941552328531, 0.0, 0.0907816749163],
        [0.0, 0.0, 0.0, 0.0, 0.0, 0.0, 0.0, 0.0, 0.0, 0.0, 0.0, 0.0, 0.0, 0.0, 0.0, 0.0, 0.0, 0.0, 1.1541573403, 0.0, 0.0, 0.0, 0.0, 0.034611822936, 0.0],
        [0.0, 0.0, 0.0, 0.0, 0.0, 0.0, 0.0, 0.0, 0.0, 0.0, 0.0, 0.0, 0.0, 0.0, 0.0, 0.0, 0.0, 0.0, 0.0, 1.34779624047, -0.130189513292, -0.210292926473, -0.119377967971, 0.0, 0.093178972796],
        [0.0, 0.0, 0.0, 0.0, 0.0, 0.0, 0.0, 0.0, 0.0, 0.0, 0.0, 0.0, 0.0, 0.0, 0.0, 0.0, 0.0, 0.0, 0.0, 0.0, 1.84405379976, -0.184409226565, 0.882095170651, 0.0, 0.890994706664],
        [0.0, 0.0, 0.0, 0.0, 0.0, 0.0, 0.0, 0.0, 0.0, 0.0, 0.0, 0.0, 0.0, 0.0, 0.0, 0.0, 0.0, 0.0, 0.0, 0.0, 0.0, 2.3820108036, 0.570188449488, 0.0, 0.578417099014],
        [0.0, 0.0, 0.0, 0.0, 0.0, 0.0, 0.0, 0.0, 0.0, 0.0, 0.0, 0.0, 0.0, 0.0, 0.0, 0.0, 0.0, 0.0, 0.0, 0.0, 0.0, 0.0, 1.4126840305, 0.0, 0.466711472998],
        [0.0, 0.0, 0.0, 0.0, 0.0, 0.0, 0.0, 0.0, 0.0, 0.0, 0.0, 0.0, 0.0, 0.0, 0.0, 0.0, 0.0, 0.0, 0.0, 0.0, 0.0, 0.0, 0.0, 1.15467620762, 0.0],
        [0.0, 0.0, 0.0, 0.0, 0.0, 0.0, 0.0, 0.0, 0.0, 0.0, 0.0, 0.0, 0.0, 0.0, 0.0, 0.0, 0.0, 0.0, 0.0, 0.0, 0.0, 0.0, 0.0, 0.0, 1.37864446118]
    ],
    dtype=np.double
)

vec_trans = A.dot(vec)

print 'eigenvectors (transformed)'
print vec_trans
```

## Benzene
```python
import symmetricEigenSolver as sym
import numpy as np

# Hamiltonian for Benzene
H = np.array(
    [
        [-11.228951863, -0.186664950412, 1.48495103253e-09, 0.000298888142687, 0.0, 0.0458999196923, -6.66649086588e-10, 0.000329445532563, 0.0, 0.00444759606106, -3.10609122096e-11, 0.0, 0.0081132657652, 0.0, 0.0265994902866, -0.000266089679563, -0.0025621055194, -0.00435707577177, 0.00294829381931, 0.0, -0.00591113297356, 0.00462873036122, -0.00621688339013, 0.0, 0.00217945784346, -0.00180804527724, 0.0, 0.00214050456277, 0.0, 0.00114503973049, 0.000413063983171, 0.000860683693603, -0.000280461294918, 7.82126348599e-05, 0.0, -0.00122604443357, 0.000996180576897, -0.00229603099278, 0.0, -7.1182923545e-05, 0.000725260287363, 0.0, -0.00148022506962, 0.0, 0.00118216944773, 0.000295518185895, 0.000782860291982, 0.000527896464956, 0.000227218580905, 0.0, -0.00174680551075, 0.000900164725351, -0.00346438250021, 0.0, 0.000250362867154, -0.000199325739371, 0.0, -0.000613699670265, 0.0, 0.00145156010414, 0.000316074017055, -0.00040754559266, -0.000456303383279, -0.00246060771718, 0.0, -0.00348681426343, -0.00522815809333, -0.00286741009416, 0.0, -0.000425839222624, -0.00163247000893, 0.0, -0.00108858004674, 0.0, 0.00169928396773, -0.00011585293798, -2.37262344088e-05, 0.00273502833158, 0.00130491465365, 0.0, -0.0041875159253, -0.00801740963515, -0.000190561814878, 0.0, 0.00177680670363, 0.0027282151628, 0.0, 0.00263138188044, 0.0, 0.00146441417512, 0.00362868987667, -0.00558091172245, 3.78643109895e-10, -0.00401844996154, 0.0, -6.59909116681e-05, -0.001201550219, 0.000978120586429, 0.000593932779438, 0.0, 0.000216323551082, 0.000216615200975, -0.000235329594313, -0.00018202701627, 0.0, -0.000327768005872, -0.000999049853966, -9.31395604559e-06, -2.96014745621e-05, 0.0, 0.00023747520053, 0.000255974274388, 0.00022850977656, -0.000234237754197, 0.0, -0.000111499035364, -0.00164053268307, -0.000939909298283, 0.000572288469522, 0.0],
        [-0.186664950412, -0.596535743158, 1.78088607202e-09, 0.0458451637302, 0.0, -0.640911624636, 2.29537126542e-09, 0.0213070803844, 0.0, -0.175014383718, -1.17290978214e-09, 0.0, -0.203115914436, 0.0, -0.0782818888104, -0.138049707649, -0.0505696651558, 0.173273953645, -0.122363121906, 0.0, 0.051045339272, -0.0745071119915, 0.0841914187519, 0.0, -0.0316671310917, 0.0531623928861, 0.0, -0.00691451111071, 0.0, -0.006739650719, -0.00635464164529, -0.0160861232505, 0.00779873931419, -0.0108737802037, 0.0, 0.0109967921459, -0.00511548650441, 0.0206239859828, 0.0, 0.0052454756906, 0.00288777637585, 0.0, 0.00222620929435, 0.0, -0.0159127116852, -0.00271538917862, 0.000267623358772, -0.0065267011925, 0.00415369379348, 0.0, 0.0247355607105, -0.00684135182467, 0.0457135587525, 0.0, -0.00201324354425, 0.00278387457222, 0.0, 0.00595867790378, 0.0, -0.014501203293, -0.00233125446251, 0.013282740684, -0.00028687352935, 0.0307296616711, 0.0, 0.0259007346584, 0.0150064715205, 0.0232275563246, 0.0, -0.00361340216911, 0.00316517933989, 0.0, 0.0121037931395, 0.0, -0.00338120435336, -0.133996417115, -0.0817979844948, -0.166826827808, -0.0908371256746, 0.0, 0.0408812019034, 0.0611407581277, 0.0333262088361, 0.0, -0.0307124853328, -0.0639082429354, 0.0, -0.0145731979749, 0.0, 0.00349524661329, -0.161998252301, 0.0522772479175, 1.33503028058e-09, 0.0741414018384, 0.0, 0.00059471660782, 0.017593675168, 0.00147801582165, -0.00175052137161, 0.0, -0.00293159102411, -0.0038064082125, -0.000471081385044, 0.00150642344331, 0.0, 0.00312767986326, 0.0103630808013, -0.000184531967393, -0.000211093606942, 0.0, -0.00275455443105, -0.00262807135376, 1.36979546958e-05, 0.00238550331753, 0.0, 0.0014063842614, 0.0239288075765, -0.00225350932872, -0.00154758597925, 0.0],
        [1.4849510334e-09, 1.78088607182e-09, -0.232356660463, 1.44498661686e-09, 0.0, 3.11716784895e-09, -0.603906283463, -1.91973323037e-09, 0.0, 2.88529809386e-09, 0.253583031335, 0.0, 1.95222115865e-09, 0.0, -4.53323401915e-09, -0.292761564881, -0.0702677350313, 0.256309211245, -0.196366214788, 0.0, 0.0374271588752, 0.0440652623458, 0.0699065347936, 0.0, -0.0454603177914, 0.120977015224, 0.0, -0.0473185905139, 0.0, 0.033717334906, 0.00509424366733, 0.0308132926365, -0.00849400462394, 0.0137561579437, 0.0, 0.0113136741034, 0.00571496957234, 0.015075919185, 0.0, -0.00256496341234, 0.012132090202, 0.0, 0.0052379255471, 0.0, 0.00872914274021, 0.000953966276514, -0.00280499342432, 0.00896594727536, -0.00932986243941, 0.0, -0.0263985795144, 0.02317809804, -0.0536052976983, 0.0, 0.00149975821721, -0.00524597681093, 0.0, -0.00501571456253, 0.0, 0.013694574794, 0.00180154012857, -0.0199074782492, 0.00398372536642, -0.0407049786761, 0.0, -0.0298272458816, 0.00549312488153, -0.0389061053586, 0.0, 0.00823514009227, -0.00171276755705, 0.0, -0.0135784428198, 0.0, -0.00482283497652, 0.293506152843, 0.127068318355, 0.237697091838, 0.154918329182, 0.0, -0.0642213486703, -0.0252743233635, -0.0507624018152, 0.0, 0.0423657412628, 0.100281086566, 0.0, 0.03030079462, 0.0, -0.0227336419445, -2.30975796558e-09, -3.24545278535e-08, -0.0334869618578, -1.44723910955e-09, 0.0, -0.0138242597001, 0.00240373426677, 0.00426166358349, 0.00623337177453, 0.0, 0.00101069118453, 0.00488155565015, -0.00368114768698, -0.00164726515592, 0.0, -0.000429300124965, -0.00163122200233, 9.37108674256e-05, -7.02780624351e-05, 0.0, 0.000398720141075, -0.00321576270424, -0.00398852128073, 0.00252601622827, 0.0, 0.0141280159676, -0.000867480427577, 0.00463744389328, -0.00588207898599, 0.0],
        [0.000298888142688, 0.0458451637302, 1.44498661686e-09, -0.174577216076, 0.0, 0.039037891379, -6.89421171124e-10, -0.565824727752, 0.0, 0.165470756384, 7.14360598333e-09, 0.0, -0.0724283909303, 0.0, -0.000728686604289, 0.169633638146, 0.0412139232198, -0.168998835277, 0.0784726222591, 0.0, -0.0293906811939, 0.109894556421, 0.0378438661974, 0.0, 0.0859507833573, -0.0350577207424, 0.0, -0.0121896085351, 0.0, -0.0132574495999, 0.00979284008505, 0.0363796647399, 0.0253517554194, 0.0134752654359, 0.0, 0.00470432553827, 0.0565008776995, -0.00197639211475, 0.0, -0.0105883853766, 0.0227589759711, 0.0, 0.00860152277978, 0.0, 0.011683514049, 0.00707713353521, 0.0140805318316, 0.0158266083604, -0.0163076884347, 0.0, -0.0170969386306, 0.0384702601582, -0.0448929681127, 0.0, 0.00570054901876, 0.00138415530729, 0.0, -0.0133108559029, 0.0, 0.01345163392, 0.000225603824895, -0.0165408079409, -0.000474051642433, -0.0343696862736, 0.0, -0.0247312192259, -0.00488877023867, -0.0385741835031, 0.0, 0.00338283460786, -0.00196283916862, 0.0, -0.00136613718249, 0.0, -0.00443323461173, 0.161471365551, 0.045574894605, 0.17143102215, 0.0142510057276, 0.0, 0.00731586690151, -0.023305347609, 0.0126129726275, 0.0, 0.0986946286954, 0.0302263253529, 0.0, -0.021069587807, 0.0, -0.0224691126713, -0.26772018937, 0.111624241393, -1.2857146171e-08, 0.126770067247, 0.0, -0.00156590800366, -0.00093855393208, -0.00793286734122, 0.00914770167516, 0.0, -0.00134540369745, -0.00613774364995, -0.00025866972806, 0.000723536608845, 0.0, -0.00157227455866, -0.00394011339646, 0.000408464283135, 5.76397240672e-05, 0.0, -0.00131176294773, -0.00483080356723, 0.0013595264434, -0.000232371236387, 0.0, -0.000733363989788, 0.00179073112149, 0.00763507234902, 0.00861520264717, 0.0],
        [0.0, 0.0, 0.0, 0.0, 0.0820642550719, 0.0, 0.0, 0.0, -0.468754865359, 0.0, 0.0, 3.03797788207e-09, 0.0, 0.0463918448439, 0.0, 0.0, 0.0, 0.0, 0.0, -0.115392110989, 0.0, 0.0, 0.0, 0.0609854590829, 0.0, 0.0, 0.069009306222, 0.0, -0.0439914731668, 0.0, 0.0, 0.0, 0.0, 0.0, -0.00112958728863, 0.0, 0.0, 0.0, 0.0120810630787, 0.0, 0.0, -0.014582431962, 0.0, -0.00754890204838, 0.0, 0.0, 0.0, 0.0, 0.0, 0.0251132006837, 0.0, 0.0, 0.0, 0.0218286142792, 0.0, 0.0, -0.00171304990655, 0.0, 0.00653329254586, 0.0, 0.0, 0.0, 0.0, 0.0, -0.00331412607703, 0.0, 0.0, 0.0, -0.00287494686175, 0.0, 0.0, 0.00154441697853, 0.0, -0.00646884875651, 0.0, 0.0, 0.0, 0.0, 0.0, -0.120159404897, 0.0, 0.0, 0.0, 0.0407007749399, 0.0, 0.0, -0.0715027472506, 0.0, -0.0412282561524, 0.0, 0.0, 0.0, 0.0, 0.0, -0.0451211763879, 0.0, 0.0, 0.0, 0.0, -0.00621985654581, 0.0, 0.0, 0.0, 0.0, 0.00139394144755, 0.0, 0.0, 0.0, 0.0, -0.00137524075097, 0.0, 0.0, 0.0, 0.0, 0.00133230430636, 0.0, 0.0, 0.0, 0.0, -0.00630840824277],
        [0.0458999196923, -0.640911624636, 3.11716784896e-09, 0.039037891379, 0.0, 0.127726870569, 2.03536770837e-09, 0.286569077766, 0.0, 0.00733608773245, -1.36661862093e-09, 0.0, 0.0841486806547, 0.0, 0.381433374279, -0.934196669945, -0.310654126793, -0.0553513329231, -0.00378204187966, 0.0, -0.21776157226, 0.0173565823893, -0.114641413381, 0.0, 0.0369563102319, -0.034703212112, 0.0, -0.0431468978068, 0.0, 0.0365476190495, -0.11008236873, -0.0903472204856, 0.0642816529126, -0.068059942515, 0.0, -0.102820032852, 0.0782981843087, -0.125209757111, 0.0, 0.0107432709123, 0.0252525804028, 0.0, -0.0367689651471, 0.0, 0.0294794845396, -0.0203085612577, 0.0068751720323, 0.0263337626618, -0.0235916952529, 0.0, -0.0602802203863, 0.0492949304943, -0.0812148067005, 0.0, 0.00623460543814, 0.0112111693685, 0.0, -0.0248622910696, 0.0, 0.0392389706045, -0.100501725353, -0.0894501509867, -0.0446593334277, -0.143082728753, 0.0, -0.161322035681, -0.181539786806, -0.163630507091, 0.0, 0.0184674052476, -0.0574423508361, 0.0, -0.0541202686356, 0.0, 0.0713010604386, -0.908178838438, -0.183342986776, -0.00947570846226, -0.0434940704868, 0.0, -0.118173540412, -0.113820400406, -0.000232005324872, 0.0, -0.00217257510481, 0.0551732111246, 0.0, 0.0235879136976, 0.0, 0.0337034440624, -0.0895782474388, -0.117509651822, -4.75228255647e-09, -0.00555584723996, 0.0, -0.0440894989337, -0.0207106274871, 0.0248092344111, 0.0163841207919, 0.0, 0.00216068095801, 0.00310670428119, 0.00200178987847, -0.00373690867461, 0.0, -0.00258112241311, -0.0129896803082, 0.00125214902092, 0.000351702706423, 0.0, 0.000148725198169, -0.00112286942193, -0.00164083432734, -0.00659824130624, 0.0, -0.0436581307278, -0.0282965091169, -0.0232089108115, 0.0169618347131, 0.0],
        [-6.66649087189e-10, 2.29537126556e-09, -0.603906283463, -6.89421171124e-10, 0.0, 2.03536770838e-09, -0.211106504051, -2.4445566515e-09, 0.0, 1.19147617338e-09, 0.165489186426, 0.0, 2.63164997867e-09, 0.0, 2.77892478295e-09, -1.26904351413, -0.330102908582, -0.179392630794, 0.0862404508481, 0.0, -0.209723279646, 0.117757495616, 0.0596818877033, 0.0, 0.0197724517236, -0.195728885398, 0.0, 0.0246458107057, 0.0, 0.0513187087718, -0.123257651019, 0.0265051336273, 0.0376079897133, -0.059111444742, 0.0, 0.0482109605373, 0.0765400868685, 0.0677550087927, 0.0, 0.00356550761213, 0.00295238489499, 0.0, -0.030492810775, 0.0, 0.00532873828387, 0.00765821564025, 0.0483431589511, -0.0075649769962, -0.00126610967667, 0.0, 0.0831795593155, -0.0093040645824, 0.0552407506023, 0.0, 0.00918501249734, -0.00995996870842, 0.0, -0.00633834083114, 0.0, -0.0114831865465, 0.145602962504, 0.124887386768, -0.00407608426713, 0.134646086421, 0.0, 0.207630343711, 0.0798085830889, 0.229156498096, 0.0, -0.0646122029049, 0.0448826764874, 0.0, 0.0493393593821, 0.0, -0.0489828600954, 1.2476212415, 0.265506934513, -0.174010339693, 0.0792730086314, 0.0, 0.207361905539, -0.0674186031363, 0.102801095207, 0.0, -0.0344034084936, -0.11367897518, 0.0, -0.0519956050329, 0.0, -0.000905136094549, 3.1070934296e-09, 2.37959772555e-08, -0.0285350942691, -6.31519757428e-10, 0.0, -0.0733017647796, 0.0110828144426, 0.0426802597549, 0.00794332585726, 0.0, -0.00946111393376, -0.0211541026903, 0.00755816616625, 0.00417063790684, 0.0, 0.00511339484406, 0.0122327774947, -0.00852436868911, 9.69737089011e-05, 0.0, 0.0145338714927, 0.0247322366665, 0.00965213648245, -0.0017410590957, 0.0, 0.0737218522902, -0.0150972421899, 0.0433892977767, -0.00551940098237, 0.0],
        [0.000329445532562, 0.0213070803844, -1.91973323037e-09, -0.565824727752, 0.0, 0.286569077766, -2.4445566515e-09, 0.0760783476997, 0.0, 0.0564686562834, 2.10091285347e-09, 0.0, -0.0639968230473, 0.0, -0.105284623102, 0.726495731249, 0.174540374115, 0.00815648518439, -0.19917561194, 0.0, 0.129562312975, -0.0567729201355, -0.0934937194375, 0.0, -0.112332673565, 0.057362439925, 0.0, 0.0706647758469, 0.0, -0.0336878236435, 0.251877798564, 0.149634401363, -0.152484133686, 0.0930078363426, 0.0, 0.145991310451, -0.167321950558, 0.130024724243, 0.0, 0.00524897581052, -0.0377143542675, 0.0, 0.0125727629168, 0.0, -0.0317194945191, 0.0853118939969, 0.0283249425761, -0.0589980573215, 0.090779163574, 0.0, 0.101500657604, -0.102166026565, 0.110883326245, 0.0, -0.00831963234719, -0.0302621682537, 0.0, 0.0395522664765, 0.0, -0.044000485308, 0.245639448535, 0.163936488768, 0.0848291549255, 0.185506245006, 0.0, 0.109589238949, 0.0845955102222, 0.0905081822048, 0.0, -0.0307858083502, 0.0431354158193, 0.0, 0.0691997331639, 0.0, -0.0267151484238, 0.719249586663, 0.0874227855514, 0.0122396118859, -0.097067340462, 0.0, 0.0129514446375, -0.054456499846, 0.031193139044, 0.0, -0.0749079400749, -0.044680429406, 0.0, -0.0180916501607, 0.0, 0.0173056353216, -0.13275939739, -0.281409060946, 1.5229697058e-08, -0.0739651446252, 0.0, 0.0328617901111, 0.00802673188815, -0.0135718393608, -0.0150908199641, 0.0, 0.018002738224, 0.0204189388178, -0.00243893571363, 0.00812920482477, 0.0, 0.0143060801111, 0.0220010000004, -0.00129623594729, 0.00201322702903, 0.0, 0.0158832735399, 0.0137545404482, 0.000588682549575, 0.0106274277667, 0.0, 0.0275004646785, -0.000197332504812, 0.013625511078, -0.0131333749749, 0.0],
        [0.0, 0.0, 0.0, 0.0, -0.468754865359, 0.0, 0.0, 0.0, 0.461812865937, 0.0, 0.0, 5.72034548565e-10, 0.0, 0.0305742341072, 0.0, 0.0, 0.0, 0.0, 0.0, -0.200962418875, 0.0, 0.0, 0.0, -0.102853061605, 0.0, 0.0, -0.0270711228855, 0.0, 0.0278162163138, 0.0, 0.0, 0.0, 0.0, 0.0, -0.0425585010336, 0.0, 0.0, 0.0, -0.0369650634279, 0.0, 0.0, 0.0223681195625, 0.0, -0.0126387812237, 0.0, 0.0, 0.0, 0.0, 0.0, -0.0160674834534, 0.0, 0.0, 0.0, -0.0491322747484, 0.0, 0.0, 0.00835143878111, 0.0, -0.0224320494519, 0.0, 0.0, 0.0, 0.0, 0.0, -0.0748072338374, 0.0, 0.0, 0.0, -0.107360198566, 0.0, 0.0, -0.0255565500922, 0.0, -0.0508484271577, 0.0, 0.0, 0.0, 0.0, 0.0, -0.186960406023, 0.0, 0.0, 0.0, -0.102212363447, 0.0, 0.0, 0.0190892002211, 0.0, 0.012236012088, 0.0, 0.0, 0.0, 0.0, 0.0, -0.00313688957683, 0.0, 0.0, 0.0, 0.0, 0.00250848957936, 0.0, 0.0, 0.0, 0.0, -0.00174954151641, 0.0, 0.0, 0.0, 0.0, 0.0028584930486, 0.0, 0.0, 0.0, 0.0, -0.00178033233883, 0.0, 0.0, 0.0, 0.0, 0.00259140125342],
        [0.00444759606106, -0.175014383718, 2.88529809376e-09, 0.165470756384, 0.0, 0.00733608773245, 1.19147617345e-09, 0.0564686562834, 0.0, 1.88658470634, -2.77910378581e-09, 0.0, 0.29141398832, 0.0, 0.515715816016, -0.229097126979, -0.306706848972, 0.298252940553, -0.573054719256, 0.0, -0.0646902371795, -0.144200198955, -0.119080377103, 0.0, 0.112288872915, 0.25940395548, 0.0, -0.191016235249, 0.0, 0.0589820792476, -0.0117678989685, -0.094349909693, -0.00776661729339, 0.00815651236697, 0.0, -0.0762569458371, -0.0941930243693, -0.0925574261035, 0.0, -0.00330413255324, 0.00171918221162, 0.0, 0.0302999136938, 0.0, -0.0108885966672, -0.00448349674446, -0.038013868196, -0.0253502110705, 0.0160362763159, 0.0, 0.0129636037795, -0.0970183998106, 0.0887195321409, 0.0, -0.0270817848379, 0.00928596607888, 0.0, 0.0106921194201, 0.0, -0.028663977589, 0.00281518171441, 0.0171861092054, 0.0110151349673, 0.0943351917814, 0.0, 0.0535728918069, 0.0783131514252, 0.088911871131, 0.0, -0.00161884479002, 0.0262513045264, 0.0, 0.044039115023, 0.0, -0.0248197013707, -0.200734947532, -0.3033286234, -0.333614747957, -0.429796372299, 0.0, 0.0356949764624, 0.0372790839819, -0.0895938235231, 0.0, 0.0721596624013, -0.28991910523, 0.0, -0.188895427686, 0.0, 0.0477358550756, 0.245429052556, 0.172300311363, -2.90218393153e-08, -0.0535535305289, 0.0, -0.00120269247018, 0.0203829869197, -0.0670788053775, 0.0771852743321, 0.0, 0.018849731015, 0.00594554419442, 0.00168751353311, 0.0116006379698, 0.0, -0.00226718645074, -0.0184278174478, 0.00117270187148, -0.00247857114046, 0.0, 0.0171899394708, 0.0170803905127, 0.00502854281036, 0.00429841053734, 0.0, -0.00743283204073, 0.0102719267787, 0.0653368246606, 0.0759516738807, 0.0],
        [-3.10609122096e-11, -1.17290978214e-09, 0.253583031335, 7.14360598333e-09, 0.0, -1.36661862093e-09, 0.165489186426, 2.10091285347e-09, 0.0, -2.77910378581e-09, 1.7007549803, 0.0, -1.90118673171e-11, 0.0, 1.00616226318e-10, 0.395663536656, 0.416630502172, -0.564685926903, 0.115446269221, 0.0, 0.196331752803, -0.232593745368, 0.0720951597004, 0.0, 0.236072903206, -0.0873462467341, 0.0, -0.123580894514, 0.0, -0.0678373241576, -0.0297468714477, -0.119603886379, 0.059977539916, -0.0270784484615, 0.0, -0.068860309606, 0.0141645781626, -0.106649939336, 0.0, 0.0236732592388, 0.0365114390692, 0.0, 0.0105852501795, 0.0, -0.0309293834392, 0.00281754571579, 0.0218448692396, -0.0216958545412, 0.0331597012565, 0.0, 0.0417024572271, -0.0263587293231, 0.0928120626857, 0.0, -0.0161943733909, 0.00726081793287, 0.0, 0.0110324688405, 0.0, -0.0115272762113, -0.00182582932445, -0.007020992654, -0.00469266576872, 0.00759923653632, 0.0, -0.0736206603879, -0.12316160973, -0.0647670093653, 0.0, -0.00436760438742, -0.0200968822192, 0.0, 0.00584612717378, 0.0, 0.0509199670266, -0.357318186211, -0.345603534782, -0.463241906821, -0.168904470297, 0.0, -0.200000211457, -0.0785665743238, -0.0861829585271, 0.0, -0.191177906548, -0.0958393471888, 0.0, 0.0979809712529, 0.0, 0.0606525180145, 1.05387427495e-08, 4.54295257699e-09, -0.264484499166, -3.06089146211e-09, 0.0, -0.0149337236834, 0.0425070596821, -0.0186900073362, 0.0191731169177, 0.0, -0.00696720629966, -0.0227125603069, -0.0110885411485, 0.00168476529458, 0.0, 0.00302230867645, 0.00959504908582, -0.00703628434218, -0.00103081092791, 0.0, 0.00223851928739, 0.00164345763311, -0.0115114040688, -0.000100336656409, 0.0, 0.0157640671987, -0.041175731843, -0.0190437068222, -0.0182607770908, 0.0],
        [0.0, 0.0, 0.0, 0.0, 3.03797788207e-09, 0.0, 0.0, 0.0, 5.72034548565e-10, 0.0, 0.0, 1.89364224753, 0.0, -6.20947192933e-10, 0.0, 0.0, 0.0, 0.0, 0.0, -0.367256024063, 0.0, 0.0, 0.0, -0.188647542002, 0.0, 0.0, 0.286165317671, 0.0, -0.246808335199, 0.0, 0.0, 0.0, 0.0, 0.0, 0.0272970709755, 0.0, 0.0, 0.0, 0.101854550186, 0.0, 0.0, -0.00768030982392, 0.0, 0.010887662289, 0.0, 0.0, 0.0, 0.0, 0.0, -0.0205211288514, 0.0, 0.0, 0.0, -0.0276013371245, 0.0, 0.0, -0.0174649525601, 0.0, -0.00391871121263, 0.0, 0.0, 0.0, 0.0, 0.0, 0.0231019804157, 0.0, 0.0, 0.0, 0.0674460494664, 0.0, 0.0, 0.0118034843334, 0.0, 0.00438839792551, 0.0, 0.0, 0.0, 0.0, 0.0, 0.317430062393, 0.0, 0.0, 0.0, 0.137939457996, 0.0, 0.0, 0.277102244808, 0.0, 0.217642303158, 0.0, 0.0, 0.0, 0.0, 0.0, 9.09263703313e-10, 0.0, 0.0, 0.0, 0.0, 0.0372317795447, 0.0, 0.0, 0.0, 0.0, -0.00980685410586, 0.0, 0.0, 0.0, 0.0, 0.000448364598682, 0.0, 0.0, 0.0, 0.0, 0.00878944894035, 0.0, 0.0, 0.0, 0.0, -0.0371175928206],
        [0.0081132657652, -0.203115914436, 1.9522211585e-09, -0.0724283909303, 0.0, 0.0841486806547, 2.63164997878e-09, -0.0639968230473, 0.0, 0.29141398832, -1.90118673171e-11, 0.0, 2.17970679743, 0.0, 0.766978982932, 0.0730381415461, -0.00698696832887, 0.3638706578, -0.00102155746549, 0.0, 0.123570288906, -0.0167361847039, 0.22022767271, 0.0, -0.240296073178, -0.0323157911122, 0.0, -0.00222991563155, 0.0, 0.0241440022649, 0.0333788148933, 0.0863289919365, -0.0166072439296, 0.028654201199, 0.0, 0.067282852258, 0.0652648613371, 0.0327238102353, 0.0, 0.0118769740291, -0.0227355582687, 0.0, 0.0228696324238, 0.0, 0.0168262795338, 0.0142953041666, 0.0590959703494, 0.000653536347645, 0.0316453954849, 0.0, 0.0478287955708, 0.037713064892, 0.00331681845844, 0.0, 0.00135985375788, -0.0108019388404, 0.0, 0.0118462283911, 0.0, 0.016599150614, 0.0309943390892, 0.0529242817794, 0.00519083561401, 0.00634821900227, 0.0, 0.0143446637717, -0.119165116197, 0.00408248098698, 0.0, -0.0344630839101, -0.00557444667873, 0.0, -0.00366353656384, 0.0, 0.0557229760517, 0.065061899882, -0.0935845066371, -0.361401909216, -0.016574687363, 0.0, 0.0741529562612, 0.0148722953263, 0.1087232616, 0.0, -0.227218096599, 0.034307427067, 0.0, -0.0523828677114, 0.0, 0.0568908202217, -0.703408126673, 0.12970929155, -1.60818261598e-08, 0.254611885171, 0.0, 0.033192628592, -0.0831894361281, -0.0725597051393, -0.0438182883852, 0.0, -0.00879369873444, -0.00134724998175, 0.0346246624119, -0.00729231753787, 0.0, 0.00133240104364, -0.00421893847588, 0.00280472238428, -0.00737296310931, 0.0, -0.0113942574578, -0.0213417246891, -0.0314082840165, -0.00781359362219, 0.0, 0.0353013170327, -0.0885521259556, 0.0765519508001, -0.0450213487569, 0.0],
        [0.0, 0.0, 0.0, 0.0, 0.0463918448439, 0.0, 0.0, 0.0, 0.0305742341072, 0.0, 0.0, -6.20947192933e-10, 0.0, 1.93051303156, 0.0, 0.0, 0.0, 0.0, 0.0, 0.20536607957, 0.0, 0.0, 0.0, 0.0953574362486, 0.0, 0.0, -0.241831473253, 0.0, 0.0157816876, 0.0, 0.0, 0.0, 0.0, 0.0, -0.0308515730758, 0.0, 0.0, 0.0, 0.000218031302682, 0.0, 0.0, 0.00233020764514, 0.0, -0.0249780952122, 0.0, 0.0, 0.0, 0.0, 0.0, -0.00188835596316, 0.0, 0.0, 0.0, 0.0429347905503, 0.0, 0.0, 0.00250032542253, 0.0, 0.00428037658871, 0.0, 0.0, 0.0, 0.0, 0.0, 0.0119895447619, 0.0, 0.0, 0.0, 0.102693127751, 0.0, 0.0, 0.0220671379997, 0.0, 0.020259947583, 0.0, 0.0, 0.0, 0.0, 0.0, 0.213339435117, 0.0, 0.0, 0.0, 0.150027992085, 0.0, 0.0, 0.262202523954, 0.0, 0.000926366845217, 0.0, 0.0, 0.0, 0.0, 0.0, -0.350808542945, 0.0, 0.0, 0.0, 0.0, 0.00669192877167, 0.0, 0.0, 0.0, 0.0, 0.00122694242987, 0.0, 0.0, 0.0, 0.0, -0.00587663901589, 0.0, 0.0, 0.0, 0.0, 0.00146384713339, 0.0, 0.0, 0.0, 0.0, 0.00666399622751],
