--------------------------------------------------------------------------------

                          SCF  Iteration: 1

--------------------------------------------------------------------------------

------ Hamiltonian ------

[
    [-0.967063606304, -0.382357577155, 0.0, 0.0, 0.250325576987, -0.2145963568, 0.142520090416, 0.0, 0.0, -0.211070880169],
    [-0.382357577155, -0.231169948449, 0.0, 0.0, 0.0377129491339, -0.0961002907119, -0.164056706113, 0.0, 0.0, 0.172347610992],
    [0.0, 0.0, 0.996955501417, 0.0, 0.0, 0.0, 0.0, -0.467053025257, 0.0, 0.0],
    [0.0, 0.0, 0.0, 0.996955501417, 0.0, 0.0, 0.0, 0.0, -0.467053025257, 0.0],
    [0.250325576987, 0.0377129491339, 0.0, 0.0, 0.774388895393, 1.07140426223, 0.100542426893, 0.0, 0.0, 0.413608725532],
    [-0.2145963568, -0.0961002907119, 0.0, 0.0, 1.07140426223, 0.377177286063, -0.352804916181, 0.0, 0.0, 0.487377669442],
    [0.142520090416, -0.164056706113, 0.0, 0.0, 0.100542426893, -0.352804916181, -0.0709412301247, 0.0, 0.0, -0.181182702728],
    [0.0, 0.0, -0.467053025257, 0.0, 0.0, 0.0, 0.0, 1.34429257671, 0.0, 0.0],
    [0.0, 0.0, 0.0, -0.467053025257, 0.0, 0.0, 0.0, 0.0, 1.34429257671, 0.0],
    [-0.211070880169, 0.172347610992, 0.0, 0.0, 0.413608725532, 0.487377669442, -0.181182702728, 0.0, 0.0, 2.93674905777]
]

------ Eigenvalues ------

[-1.28575246679, -0.603328815548, -0.175931305549, 0.226435549327, 0.672327651991, 0.672327651991, 1.42456007794, 1.66892042614, 1.66892042614, 3.23315741496]

------ Eigenvectors ------

[
    [0.834149427512, 0.413878952692, -0.175457465785, 0.308337769526, 0.0, 1.12374452972e-16, 0.0663427746574, 0.0, -1.54451525637e-17, 0.0513816984303],
    [0.348201977492, -0.0304510319365, 0.844049735375, -0.397836211875, 1.29744513382e-16, -2.80445169344e-16, -0.0676976067424, -2.74091754262e-19, 5.92183975038e-17, -0.0505128132265],
    [-2.77555756156e-17, 0.0, -2.77555756156e-17, 3.88578058619e-16, -0.0342408993836, -0.820420532064, -1.11022302463e-16, 0.336718911181, 0.460823270062, 2.22044604925e-16],
    [0.0, 1.11022302463e-16, 2.77555756156e-16, 0.0, -0.820420532064, 0.0342408993836, -1.11022302463e-16, 0.460823270062, -0.336718911181, 0.0],
    [-0.279586997916, 0.408362571831, 0.297583615089, 0.265449628877, 9.93081786653e-17, 1.60104821465e-16, 0.725516322825, 1.24972477909e-16, 1.04123953055e-16, -0.263965286349],
    [0.315924580569, -0.578323701923, -0.266852909032, -0.30877993922, -9.03211441104e-17, -1.23375112219e-16, 0.572303232877, 1.45654716304e-16, 1.54607825885e-16, -0.267669271493],
    [0.0672280234484, -0.570723974855, 0.309117771412, 0.753452468284, 2.90635585046e-17, 2.02176206534e-16, -0.0277527806258, -8.32255137478e-17, -3.36076156065e-17, 0.0757621408763],
    [-5.21640737263e-18, 3.79088148011e-18, -2.53714197517e-17, 1.29777015502e-16, -0.0237993309715, -0.570237935622, 2.18636896006e-16, -0.484448843211, -0.663001966011, -4.57250766805e-17],
    [-2.1387845945e-18, 2.3741751006e-17, 6.22235581062e-17, -2.73700467139e-18, -0.570237935622, 0.0237993309715, 1.24811656694e-16, -0.663001966011, 0.484448843211, 4.80642958858e-18],
    [0.0212903335724, 0.0288582296635, -0.0383984671853, 0.114695205242, -5.80227460544e-18, 8.70465516193e-17, -0.369243183298, -5.55721874337e-17, 2.9219684796e-17, -0.920730125214]
]



------ Canonical Transformation matrix A ------

[
    [1.0, -0.874501499843, 0.0, 0.0, -3.1249777835e-16, -0.317031074183, 0.381262220747, 0.0, 0.0, -1.35692983329],
    [0.0, 1.32844001491, 0.0, 0.0, 2.05714802924e-16, -0.525804984232, -1.85291834615, 0.0, 0.0, -0.313168220671],
    [0.0, 0.0, 1.0, 0.0, 0.0, 0.0, 0.0, -0.371839016677, 0.0, 0.0],
    [0.0, 0.0, 0.0, 1.0, 0.0, 0.0, 0.0, 0.0, -0.371839016677, 0.0],
    [0.0, 0.0, 0.0, 0.0, 1.0, 0.681268130721, 0.000668895022923, 0.0, 0.0, 1.26802753367],
    [0.0, 0.0, 0.0, 0.0, 0.0, 1.43547059724, -0.755503568227, 0.0, 0.0, 1.10477126661],
    [0.0, 0.0, 0.0, 0.0, 0.0, 0.0, 2.32083678231, 0.0, 0.0, 0.431649298038],
    [0.0, 0.0, 0.0, 0.0, 0.0, 0.0, 0.0, 1.06689467818, 0.0, 0.0],
    [0.0, 0.0, 0.0, 0.0, 0.0, 0.0, 0.0, 0.0, 1.06689467818, 0.0],
    [0.0, 0.0, 0.0, 0.0, 0.0, 0.0, 0.0, 0.0, 0.0, 1.75271804336]
]

------ Eigenvectors after Transformation (A*v)------

[
    [0.42623038354, 0.367100927385, -0.659020607236, 0.885768584877, -6.58730458386e-17, 3.55704005249e-16, 0.434562528995, -2.26056268357e-18, -1.68709591296e-16, 1.45866612342],
    [0.165215227162, 1.31210055881, 0.700837222551, -1.79814830694, 1.67813798303e-16, -7.09559551938e-16, -0.223793234963, 9.46634340848e-17, 5.04960142429e-17, 0.221600948979],
    [-2.58159118276e-17, -1.4095976419e-18, -1.83214918434e-17, 3.40321900787e-16, -0.0253913795576, -0.60838381881, -1.92320030883e-16, 0.516855892671, 0.707353269158, 2.39046972475e-16],
    [7.95283560504e-19, 1.02194193114e-16, 2.54418609496e-16, 1.01772512565e-18, -0.60838381881, 0.0253913795576, -1.57432146158e-16, 0.707353269158, -0.516855892671, -1.78721805194e-18],
    [-0.0373159518014, 0.0505803398306, 0.0673016862729, 0.201028355715, 3.04372581646e-17, 1.86565948209e-16, 0.647179189753, 1.53679661311e-16, 2.4648222247e-16, -1.61378030353],
    [0.42623038354, -0.367100927385, -0.659020607236, -0.885768584877, -1.580211551e-16, -2.33679662383e-16, 0.434562528995, 2.10565679308e-16, 2.79606729854e-16, -1.45866612342],
    [0.165215227162, -1.31210055881, 0.700837222551, 1.79814830694, 6.49472278416e-17, 5.06791559534e-16, -0.223793234963, -2.17140529228e-16, -6.53851340341e-17, -0.221600948979],
    [-5.56535726507e-18, 4.04447127673e-18, -2.70686327109e-17, 1.38458407188e-16, -0.0253913795576, -0.60838381881, 2.33262540803e-16, -0.516855892671, -0.707353269158, -4.87838409696e-17],
    [-2.28185790164e-18, 2.53299477989e-17, 6.63859830007e-17, -2.92009571805e-18, -0.60838381881, 0.0253913795576, 1.33160892302e-16, -0.707353269158, 0.516855892671, 5.12795414909e-18],
    [0.0373159518014, 0.0505803398306, -0.0673016862729, 0.201028355715, -1.01697513935e-17, 1.52568061635e-16, -0.647179189753, -9.7402375624e-17, 5.12138687631e-17, -1.61378030353]
]

--------------------------------------------------------------------------------

                          SCF  Iteration: 2

--------------------------------------------------------------------------------

------ Hamiltonian ------

[
    [0.0199648649703, -0.624721168498, 0.0, 0.0, 0.272505582162, -0.385660542402, 0.172723895024, 0.0, 0.0, -0.269369593191],
    [-0.624721168498, 0.62273951327, 0.0, 0.0, 0.0705607087205, 0.0114417356909, -0.189798976139, 0.0, 0.0, 0.233542195262],
    [0.0, 0.0, 2.37980619497, 0.0, 0.0, 0.0, 0.0, -0.453921657982, 0.0, 0.0],
    [0.0, 0.0, 0.0, 2.37980619497, 0.0, 0.0, 0.0, 0.0, -0.453921657982, 0.0],
    [0.272505582162, 0.0705607087205, 0.0, 0.0, 2.12816283749, 1.16379375785, 0.168202739391, 0.0, 0.0, 0.333701367745],
    [-0.385660542402, 0.0114417356909, 0.0, 0.0, 1.16379375785, 1.64747384575, -0.50901198388, 0.0, 0.0, 0.585188057477],
    [0.172723895024, -0.189798976139, 0.0, 0.0, 0.168202739391, -0.50901198388, 0.703016557151, 0.0, 0.0, -0.326663126856],
    [0.0, 0.0, -0.453921657982, 0.0, 0.0, 0.0, 0.0, 2.71737776079, 0.0, 0.0],
    [0.0, 0.0, 0.0, -0.453921657982, 0.0, 0.0, 0.0, 0.0, 2.71737776079, 0.0],
    [-0.269369593191, 0.233542195262, 0.0, 0.0, 0.333701367745, 0.585188057477, -0.326663126856, 0.0, 0.0, 4.32684627973]
]

------ Eigenvalues ------

[-0.532013927501, 0.276990423644, 0.797656661772, 1.39623730614, 2.06430537669, 2.06430537669, 2.82352746796, 3.03287857908, 3.03287857908, 4.68580596635]

------ Eigenvectors ------

[
    [0.802564711072, 0.305769510072, -0.292367603074, 0.411792093553, 4.97659921512e-17, 1.40068092144e-16, 0.037456940813, 5.5900227116e-17, 6.12449745663e-33, 0.0770735051557],
    [0.460897003293, 0.0870803941333, 0.790773320073, -0.385536886715, 4.92097816063e-17, -2.07643682925e-16, -0.0223393643902, -1.44441184114e-17, 9.99106191628e-17, -0.0743691828235],
    [-5.55111512313e-17, 8.32667268469e-17, -1.11022302463e-16, 2.49800180541e-16, -0.270246065087, -0.775389807058, -2.77555756156e-16, -0.293950079873, 0.489214740129, 3.33066907388e-16],
    [2.77555756156e-17, -1.11022302463e-16, 1.66533453694e-16, 2.22044604925e-16, -0.775389807058, 0.270246065087, 2.77555756156e-16, -0.489214740129, -0.293950079873, 5.55111512313e-17],
    [-0.226562679202, 0.313188105485, 0.285605446296, 0.388679211743, -7.70401290449e-17, 2.95481538933e-16, 0.748463567482, 5.80799362403e-16, 9.11299248272e-16, -0.240297420985],
    [0.283049878258, -0.462800465868, -0.344216544992, -0.446808557668, -3.27413096756e-16, -4.60670769716e-17, 0.547674667936, 3.11766540944e-16, 7.33966840515e-16, -0.29602033082],
    [0.109049592223, -0.76591241898, 0.298085257379, 0.54824972584, 3.96922823483e-16, 8.62832169527e-18, -0.00984816896828, 1.22222647119e-16, 7.15328126241e-17, 0.109347080011],
    [-9.61469633723e-18, 3.11455415804e-17, -1.06284932484e-17, 9.34793766001e-17, -0.187836057554, -0.538939075313, 6.14803532512e-16, 0.422915884481, -0.70384973058, -6.80152534459e-17],
    [1.71526845272e-18, -5.56306084656e-18, 3.48665036028e-17, 4.65094650316e-17, -0.538939075313, 0.187836057554, -1.24358114888e-15, 0.70384973058, 0.422915884481, -1.15163850254e-17],
    [0.0111419093704, -0.00539606293929, -0.0169829168785, 0.17464650566, 1.53519470212e-16, -2.11050290642e-16, -0.371289227159, -3.7217722469e-16, -3.14767414429e-16, -0.911702379481]
]



------ Canonical Transformation matrix A ------

[
    [1.0, -0.874501499843, 0.0, 0.0, -3.1249777835e-16, -0.317031074183, 0.381262220747, 0.0, 0.0, -1.35692983329],
    [0.0, 1.32844001491, 0.0, 0.0, 2.05714802924e-16, -0.525804984232, -1.85291834615, 0.0, 0.0, -0.313168220671],
    [0.0, 0.0, 1.0, 0.0, 0.0, 0.0, 0.0, -0.371839016677, 0.0, 0.0],
    [0.0, 0.0, 0.0, 1.0, 0.0, 0.0, 0.0, 0.0, -0.371839016677, 0.0],
    [0.0, 0.0, 0.0, 0.0, 1.0, 0.681268130721, 0.000668895022923, 0.0, 0.0, 1.26802753367],
    [0.0, 0.0, 0.0, 0.0, 0.0, 1.43547059724, -0.755503568227, 0.0, 0.0, 1.10477126661],
    [0.0, 0.0, 0.0, 0.0, 0.0, 0.0, 2.32083678231, 0.0, 0.0, 0.431649298038],
    [0.0, 0.0, 0.0, 0.0, 0.0, 0.0, 0.0, 1.06689467818, 0.0, 0.0],
    [0.0, 0.0, 0.0, 0.0, 0.0, 0.0, 0.0, 0.0, 1.06689467818, 0.0],
    [0.0, 0.0, 0.0, 0.0, 0.0, 0.0, 0.0, 0.0, 0.0, 1.75271804336]
]

------ Eigenvectors after Transformation (A*v)------

[
    [0.336231683945, 0.0916483126492, -0.738079442735, 0.86264073041, 5.35486181204e-17, 6.25927587979e-16, 0.38342155454, 5.2130920628e-16, 1.34327772013e-16, 1.5147631789],
    [0.257895703151, 1.77988691984, 0.684476563873, -1.34778417162, -5.46015319773e-16, -2.01513210135e-16, -0.183122736122, -2.93031051955e-16, -2.87167468354e-16, 0.139758968353],
    [-5.19360319996e-17, 7.16855992918e-17, -1.07070213984e-16, 2.15040901066e-16, -0.20040129015, -0.574991231244, -5.06163697135e-16, -0.451206706495, 0.750933531836, 3.58357632348e-16],
    [2.71177718808e-17, -1.08953739388e-16, 1.53568727279e-16, 2.04750571182e-16, -0.574991231244, 0.20040129015, 7.39967747714e-16, -0.750933531836, -0.451206706495, 5.97933925148e-17],
    [-0.0195286271507, -0.00945777417955, 0.0297662656665, 0.30610608022, -1.0516382256e-16, -3.51430056551e-18, 0.650765314365, 3.2134675678e-16, 1.01224156546e-15, -1.5979572164],
    [0.336231683082, -0.0916483109439, -0.738079443597, -0.862640730015, -6.00264583442e-16, -3.05808959232e-16, 0.383421539707, -5.59786472106e-17, 6.51798528602e-16, -1.51476318275],
    [0.257895702086, -1.77988692077, 0.684476565438, 1.34778417119, 9.87459660028e-16, -7.10747834462e-17, -0.183122727052, 1.23008777283e-16, 3.01468491963e-17, -0.139758966795],
    [-1.02578683545e-17, 3.32290125611e-17, -1.13394828838e-17, 9.9732649414e-17, -0.200401290174, -0.574991231313, 6.55930616961e-16, 0.451206706469, -0.750933531792, -7.25651119363e-17],
    [1.83001078385e-18, -5.93520001157e-18, 3.71988871404e-17, 4.96207007271e-17, -0.574991231313, 0.200401290174, -1.32677010962e-15, 0.750933531792, 0.451206706469, -1.22867698954e-17],
    [0.019528625591, -0.00945777687679, -0.0297662648419, 0.306106081679, 2.69076345447e-16, -3.69911652464e-16, -0.650765327746, -6.5232173704e-16, -5.51698526731e-16, -1.59795721069]
]

--------------------------------------------------------------------------------

                          SCF  Iteration: 3

--------------------------------------------------------------------------------

------ Hamiltonian ------

[
    [-0.0364213231608, -0.641002998664, 0.0, 0.0, 0.255819982995, -0.356695752464, 0.1543747564, 0.0, 0.0, -0.254156306226],
    [-0.641002998664, 0.557758010174, 0.0, 0.0, 0.0760876132778, -0.0193009919412, -0.19501196596, 0.0, 0.0, 0.222928959317],
    [0.0, 0.0, 2.28172880977, 0.0, 0.0, 0.0, 0.0, -0.459673004702, 0.0, 0.0],
    [0.0, 0.0, 0.0, 2.28172880977, 0.0, 0.0, 0.0, 0.0, -0.459673004702, 0.0],
    [0.255819982995, 0.0760876132778, 0.0, 0.0, 2.04630396085, 1.14649771691, 0.166835861145, 0.0, 0.0, 0.346341656907],
    [-0.356695752464, -0.0193009919412, 0.0, 0.0, 1.14649771691, 1.56306104508, -0.497026242986, 0.0, 0.0, 0.569626614196],
    [0.1543747564, -0.19501196596, 0.0, 0.0, 0.166835861145, -0.497026242986, 0.67657118411, 0.0, 0.0, -0.305659861039],
    [0.0, 0.0, -0.459673004702, 0.0, 0.0, 0.0, 0.0, 2.62357752598, 0.0, 0.0],
    [0.0, 0.0, 0.0, -0.459673004702, 0.0, 0.0, 0.0, 0.0, 2.62357752598, 0.0],
    [-0.254156306226, 0.222928959317, 0.0, 0.0, 0.346341656907, 0.569626614196, -0.305659861039, 0.0, 0.0, 4.23164386868]
]

------ Eigenvalues ------

[-0.596770446177, 0.242694144378, 0.770523634284, 1.31967176277, 1.96223048544, 1.96223048544, 2.72460014286, 2.94307585031, 2.94307585031, 4.57819750762]

------ Eigenvectors ------

[
    [0.795856673212, 0.317579372902, -0.310085633547, 0.40359715491, -2.23162983119e-16, 2.4388039843e-17, 0.0380921101791, 5.80971853563e-17, 2.64610079548e-32, 0.0725308566773],
    [0.478477011622, 0.0758660163383, 0.780111744545, -0.388618301824, 3.94083100953e-16, 1.60681153221e-17, -0.0270731242448, -1.44756085617e-16, -6.51954293752e-17, -0.0705168374811],
    [-5.55111512313e-17, -5.55111512313e-17, -2.22044604925e-16, 4.16333634234e-16, 0.8211315974, -0.0022778087817, -9.71445146547e-17, -0.531757277773, -0.207296668748, 4.4408920985e-16],
    [-2.77555756156e-17, 1.11022302463e-16, -5.55111512313e-17, -1.11022302463e-16, 0.0022778087817, 0.8211315974, 0.0, 0.207296668748, -0.531757277773, 0.0],
    [-0.219157582096, 0.32389705058, 0.294570129831, 0.377047985117, -3.83621130955e-16, 5.76025751063e-18, 0.74719289583, -2.02392615513e-16, -4.39704363895e-16, -0.244594944321],
    [0.275955796355, -0.475850671596, -0.347573018298, -0.436314713937, 8.651203031e-17, -1.08663495585e-16, 0.549173197519, -3.14435091737e-16, -3.41916967351e-16, -0.290939518249],
    [0.115690946877, -0.749694535504, 0.295509099048, 0.571123557013, -1.53014624392e-16, 2.20430498274e-16, -0.0115584564769, 1.20249417972e-16, -7.64334077221e-17, 0.104557952038],
    [-1.05155273962e-17, 4.9382417135e-18, -5.40263688732e-17, 1.47367376106e-16, 0.570732165559, -0.0015832038894, 5.59745863441e-16, 0.765057113084, 0.298244702185, -1.07456992761e-16],
    [-2.19641704064e-18, 1.86250472682e-17, -1.29967988658e-17, -5.24076556668e-17, 0.0015832038894, 0.570732165559, 4.22391061262e-16, -0.298244702185, 0.765057113084, 8.63421552992e-18],
    [0.0102889519744, -0.00162230510581, -0.0191930673281, 0.165430716562, 1.6052574372e-16, 5.98820110226e-17, -0.371206162014, -5.37564392858e-18, 1.5528335563e-16, -0.913434067166]
]



------ Canonical Transformation matrix A ------

[
    [1.0, -0.874501499843, 0.0, 0.0, -3.1249777835e-16, -0.317031074183, 0.381262220747, 0.0, 0.0, -1.35692983329],
    [0.0, 1.32844001491, 0.0, 0.0, 2.05714802924e-16, -0.525804984232, -1.85291834615, 0.0, 0.0, -0.313168220671],
    [0.0, 0.0, 1.0, 0.0, 0.0, 0.0, 0.0, -0.371839016677, 0.0, 0.0],
    [0.0, 0.0, 0.0, 1.0, 0.0, 0.0, 0.0, 0.0, -0.371839016677, 0.0],
    [0.0, 0.0, 0.0, 0.0, 1.0, 0.681268130721, 0.000668895022923, 0.0, 0.0, 1.26802753367],
    [0.0, 0.0, 0.0, 0.0, 0.0, 1.43547059724, -0.755503568227, 0.0, 0.0, 1.10477126661],
    [0.0, 0.0, 0.0, 0.0, 0.0, 0.0, 2.32083678231, 0.0, 0.0, 0.431649298038],
    [0.0, 0.0, 0.0, 0.0, 0.0, 0.0, 0.0, 1.06689467818, 0.0, 0.0],
    [0.0, 0.0, 0.0, 0.0, 0.0, 0.0, 0.0, 0.0, 1.06689467818, 0.0],
    [0.0, 0.0, 0.0, 0.0, 0.0, 0.0, 0.0, 0.0, 0.0, 1.75271804336]
]

------ Eigenvectors after Transformation (A*v)------

[
    [0.320088447801, 0.118465028102, -0.743392975844, 0.875039726184, -8.71377114031e-16, 4.75722876822e-17, 0.386956541969, 3.37513225994e-16, -7.44379844238e-17, 1.50576473829],
    [0.272941024571, 1.74061892, 0.67754371063, -1.39689261125, 7.11279347006e-16, -3.48711522203e-16, -0.187056176719, -2.48097109914e-16, 1.86168479699e-16, 0.151621234118],
    [-5.16010678644e-17, -5.73473821741e-17, -2.01955493049e-16, 3.61536694013e-16, 0.608911110173, -0.00168911180427, -3.05279866105e-16, -0.816235362404, -0.318195685537, 4.84045912374e-16],
    [-2.6938862063e-17, 1.04096783201e-16, -5.0678434321e-17, -9.1535091313e-17, 0.00168911180427, 0.608911110173, -1.57061476873e-16, 0.318195685537, -0.816235362404, -3.21053821242e-18],
    [-0.0180336330567, -0.00284344144609, 0.0336400361031, 0.289953400769, -1.21234529602e-16, 7.8107646074e-18, 0.650619728048, -4.23343252969e-16, -4.75789052569e-16, -1.60099237514],
    [0.320088447134, -0.118465027167, -0.743392976239, -0.87503972595, 4.17132799749e-16, -2.56363355734e-16, 0.386956531163, -5.48150050237e-16, -2.61513451582e-16, -1.50576474122],
    [0.272941023789, -1.74061892035, 0.677543712537, 1.39689261103, -2.85831143925e-16, 5.37431236359e-16, -0.187056170199, 2.76758879353e-16, -1.10361512584e-16, -0.151621232924],
    [-1.12189602172e-17, 5.26858380368e-18, -5.76404454321e-17, 1.57225469305e-16, 0.6089111101, -0.00168911180407, 5.97189882837e-16, 0.816235362451, 0.318195685556, -1.1464529371e-16],
    [-2.34334565172e-18, 1.98709638112e-17, -1.38662155433e-17, -5.59134489267e-17, 0.00168911180407, 0.6089111101, 4.50646775371e-16, -0.318195685556, 0.816235362451, 9.21179859911e-18],
    [0.0180336317728, -0.00284344343079, -0.0336400354134, 0.289953401844, 2.81356367441e-16, 1.04956281192e-16, -0.650619737968, -9.42198810829e-18, 2.72167939247e-16, -1.60099237094]
]

--------------------------------------------------------------------------------

                          SCF  Iteration: 4

--------------------------------------------------------------------------------

------ Hamiltonian ------

[
    [-0.0370946670761, -0.640380671841, 0.0, 0.0, 0.256013315414, -0.355076700813, 0.154105357102, 0.0, 0.0, -0.25420873621],
    [-0.640380671841, 0.555009035332, 0.0, 0.0, 0.0757664364826, -0.0193855666079, -0.195338749557, 0.0, 0.0, 0.222627806067],
    [0.0, 0.0, 2.27846555801, 0.0, 0.0, 0.0, 0.0, -0.459644108063, 0.0, 0.0],
    [0.0, 0.0, 0.0, 2.27846555801, 0.0, 0.0, 0.0, 0.0, -0.459644108063, 0.0],
    [0.256013315414, 0.0757664364826, 0.0, 0.0, 2.04250356248, 1.14581274356, 0.166572239642, 0.0, 0.0, 0.346791309052],
    [-0.355076700813, -0.0193855666079, 0.0, 0.0, 1.14581274356, 1.56082525704, -0.496406832962, 0.0, 0.0, 0.569079813372],
    [0.154105357102, -0.195338749557, 0.0, 0.0, 0.166572239642, -0.496406832962, 0.675187099532, 0.0, 0.0, -0.304978950562],
    [0.0, 0.0, -0.459644108063, 0.0, 0.0, 0.0, 0.0, 2.62029278443, 0.0, 0.0],
    [0.0, 0.0, 0.0, -0.459644108063, 0.0, 0.0, 0.0, 0.0, 2.62029278443, 0.0],
    [-0.25420873621, 0.222627806067, 0.0, 0.0, 0.346791309052, 0.569079813372, -0.304978950562, 0.0, 0.0, 4.22783654494]
]

------ Eigenvalues ------

[-0.59699357723, 0.241444865478, 0.767828900829, 1.31710387918, 1.95898731846, 1.95898731846, 2.72077940694, 2.93977102398, 2.93977102398, 4.57410335706]

------ Eigenvectors ------

[
    [0.795646498477, 0.317837141226, -0.310574149407, 0.403410553452, 1.81019869513e-16, -1.3960883884e-16, 0.0385006554113, -2.48413577408e-33, -9.57616187855e-17, 0.0724397938663],
    [0.478982247845, 0.0756177408972, 0.779794610303, -0.38868304476, -2.10307695063e-16, 2.44341742739e-16, -0.0272747259786, 3.3388033001e-17, 2.06738453612e-16, -0.070426623458],
    [-8.32667268469e-17, 1.11022302463e-16, -1.11022302463e-16, 5.27355936697e-16, -0.401559702864, 0.716248625618, 1.94289029309e-16, 0.0248808088347, 0.570191771853, 4.4408920985e-16],
    [2.77555756156e-17, -2.22044604925e-16, 1.66533453694e-16, 3.33066907388e-16, -0.716248625618, -0.401559702864, -5.55111512313e-17, -0.570191771853, 0.0248808088347, 5.55111512313e-17],
    [-0.219218745885, 0.324139882058, 0.295055340428, 0.376784139522, 2.64952250991e-16, 6.56307355113e-17, 0.746983479265, -1.93160638629e-16, -4.42643843852e-16, -0.244679828155],
    [0.275551832441, -0.476127930809, -0.347494219912, -0.436077229582, -2.32077157493e-16, 3.89746824399e-16, 0.549425845993, -1.84929131204e-16, -1.17070607781e-16, -0.290841946537],
    [0.11588278269, -0.749329538756, 0.295430065673, 0.571627367543, 6.78218777914e-16, 1.61306946054e-16, -0.0116566586213, 2.94874847624e-16, -2.09425673095e-18, 0.104421139168],
    [-9.91001308899e-18, 9.4790629952e-18, -1.97267466273e-17, 1.76001481855e-16, -0.27910634488, 0.497832662231, -5.79629397215e-16, -0.035796858029, -0.820354114769, -1.16953619743e-16],
    [4.38572226431e-18, -3.83617446989e-17, 3.24169776658e-17, 1.35053061681e-16, -0.497832662231, -0.27910634488, 3.33858752169e-16, 0.820354114769, -0.035796858029, -1.16028408488e-17],
    [0.0104002633299, -0.00151050639586, -0.0193714473293, 0.165220854616, 1.1053957272e-16, 1.0019147804e-16, -0.371193793894, 1.58425212204e-16, 3.17069192209e-16, -0.913472241777]
]



------ Canonical Transformation matrix A ------

[
    [1.0, -0.874501499843, 0.0, 0.0, -3.1249777835e-16, -0.317031074183, 0.381262220747, 0.0, 0.0, -1.35692983329],
    [0.0, 1.32844001491, 0.0, 0.0, 2.05714802924e-16, -0.525804984232, -1.85291834615, 0.0, 0.0, -0.313168220671],
    [0.0, 0.0, 1.0, 0.0, 0.0, 0.0, 0.0, -0.371839016677, 0.0, 0.0],
    [0.0, 0.0, 0.0, 1.0, 0.0, 0.0, 0.0, 0.0, -0.371839016677, 0.0],
    [0.0, 0.0, 0.0, 0.0, 1.0, 0.681268130721, 0.000668895022923, 0.0, 0.0, 1.26802753367],
    [0.0, 0.0, 0.0, 0.0, 0.0, 1.43547059724, -0.755503568227, 0.0, 0.0, 1.10477126661],
    [0.0, 0.0, 0.0, 0.0, 0.0, 0.0, 2.32083678231, 0.0, 0.0, 0.431649298038],
    [0.0, 0.0, 0.0, 0.0, 0.0, 0.0, 0.0, 1.06689467818, 0.0, 0.0],
    [0.0, 0.0, 0.0, 0.0, 0.0, 0.0, 0.0, 0.0, 1.06689467818, 0.0],
    [0.0, 0.0, 0.0, 0.0, 0.0, 0.0, 0.0, 0.0, 0.0, 1.75271804336]
]

------ Eigenvectors after Transformation (A*v)------

[
    [0.319486610395, 0.119015269923, -0.743417222165, 0.875311304459, 5.47094688244e-16, -5.51300474858e-16, 0.387407067363, -7.31168613597e-17, -6.70478793103e-16, 1.5055634886],
    [0.273434291549, 1.73972356427, 0.677283289566, -1.39797128649, -1.44865532903e-15, -2.10602861098e-16, -0.187278749103, -4.54402098822e-16, 2.40780435443e-16, 0.151955232496],
    [-7.95817973246e-17, 1.07497616999e-16, -1.03687128394e-16, 4.6191171875e-16, -0.297777074035, 0.531135018024, 4.09817854407e-16, 0.0381914773243, 0.875231439215, 4.87577128812e-16],
    [2.61247929615e-17, -2.07780211498e-16, 1.54479556595e-16, 2.82848909733e-16, -0.531135018024, -0.297777074035, -1.79652861347e-16, -0.875231439215, 0.0381914773243, 5.98255401631e-17],
    [-0.018228730405, -0.00264748984687, 0.0339526859124, 0.289585571966, 2.47466358657e-16, 4.58306276232e-16, 0.650598050267, -1.1806219074e-16, -1.20349253014e-16, -1.60105928445],
    [0.31948660976, -0.119015268958, -0.743417222575, -0.875311304243, -7.23415698861e-16, 5.48290799568e-16, 0.387407056633, -3.13215707628e-16, 1.83819736242e-16, -1.5055634915],
    [0.273434290868, -1.73972356464, 0.677283291371, 1.39797128628, 1.6217494152e-15, 4.17614674808e-16, -0.187278742657, 7.52740524183e-16, 1.32002266194e-16, -0.151955231309],
    [-1.05729402253e-17, 1.01131618637e-17, -2.10463609944e-17, 1.87775044343e-16, -0.297777073998, 0.531135017958, -6.18403519203e-16, -0.0381914773266, -0.875231439268, -1.24777194497e-16],
    [4.67910374375e-18, -4.09279412648e-17, 3.45855009543e-17, 1.44087392779e-16, -0.531135017958, -0.297777073998, 3.56192125952e-16, 0.875231439268, -0.0381914773266, -1.23790091533e-17],
    [0.018228729194, -0.00264749181463, -0.03395268526, 0.289585573024, 1.93744703611e-16, 1.75607411352e-16, -0.65059806014, 2.77674727952e-16, 5.55732894178e-16, -1.60105928027]
]


--------------------------------------------------------------------------------

                          SCF  Iteration: 5

--------------------------------------------------------------------------------

------ Hamiltonian ------

[
    [-0.0372004336211, -0.640542916625, 0.0, 0.0, 0.256010275754, -0.355092782381, 0.154062828445, 0.0, 0.0, -0.254201686365],
    [-0.640542916625, 0.555072792415, 0.0, 0.0, 0.0758740441591, -0.01945806348, -0.195320138455, 0.0, 0.0, 0.222608887116],
    [0.0, 0.0, 2.27848361275, 0.0, 0.0, 0.0, 0.0, -0.459656322038, 0.0, 0.0],
    [0.0, 0.0, 0.0, 2.27848361275, 0.0, 0.0, 0.0, 0.0, -0.459656322038, 0.0],
    [0.256010275754, 0.0758740441591, 0.0, 0.0, 2.04256702161, 1.14581332081, 0.166613692081, 0.0, 0.0, 0.346785509518],
    [-0.355092782381, -0.01945806348, 0.0, 0.0, 1.14581332081, 1.56083435561, -0.49643923534, 0.0, 0.0, 0.569082839619],
    [0.154062828445, -0.195320138455, 0.0, 0.0, 0.166613692081, -0.49643923534, 0.675230293017, 0.0, 0.0, -0.304990366684],
    [0.0, 0.0, -0.459656322038, 0.0, 0.0, 0.0, 0.0, 2.62031992243, 0.0, 0.0],
    [0.0, 0.0, 0.0, -0.459656322038, 0.0, 0.0, 0.0, 0.0, 2.62031992243, 0.0],
    [-0.254201686365, 0.222608887116, 0.0, 0.0, 0.346785509518, 0.569082839619, -0.304990366684, 0.0, 0.0, 4.22787683907]
]

------ Eigenvalues ------

[-0.597223048222, 0.241449160409, 0.768063390002, 1.31712776302, 1.9589968838, 1.9589968838, 2.72082180146, 2.93980665138, 2.93980665138, 4.57414180142]

------ Eigenvectors ------

[
    [0.795637669033, 0.317844735768, -0.310597723425, 0.40340477268, -0.0, 2.26775345612e-16, 0.0384929487493, 0.0, -8.61743266992e-17, 0.0724386639801],
    [0.479004381282, 0.0756104220714, 0.77978173436, -0.388684503921, 3.45967013685e-17, -4.14138527216e-16, -0.0272541401549, -8.60053544999e-17, 1.23921545532e-16, -0.0704264282885],
    [8.32667268469e-17, -1.66533453694e-16, 1.66533453694e-16, -4.4408920985e-16, 0.00664010102514, 0.821107908695, 1.38777878078e-16, 0.324247741971, -0.469681927653, -4.4408920985e-16],
    [0.0, 0.0, 0.0, -1.11022302463e-16, 0.821107908695, -0.00664010102514, -2.77555756156e-16, -0.469681927653, -0.324247741971, -5.55111512313e-17],
    [-0.219210749412, 0.324146244506, 0.295042067995, 0.376777939168, -2.75335436455e-16, 1.66860238361e-16, 0.746991068364, -9.00969583762e-16, -3.38964872838e-16, -0.244680947296],
    [0.275541700595, -0.476136637606, -0.347516371984, -0.436068744408, -2.87312570383e-16, -2.45317194425e-16, 0.5494169163, -7.4240098652e-16, -9.68030663861e-17, -0.290840415004],
    [0.11589116877, -0.749318773033, 0.295427082423, 0.571641259426, 2.26662033749e-16, 1.00413783006e-16, -0.0116488922772, -4.65058112573e-17, -4.53064370809e-17, 0.104422345228],
    [1.41596779775e-17, -2.88858614647e-17, 5.10050115644e-17, -1.38604861509e-16, 0.00461523981004, 0.570715700589, -2.71450895033e-16, -0.466506151897, 0.67574721524, 1.23247791908e-16],
    [-2.45283235027e-18, 1.9860386324e-17, -1.0390521975e-17, -3.82872947111e-17, 0.570715700589, -0.00461523981004, 1.25039717756e-15, 0.67574721524, 0.466506151897, 1.34327876478e-17],
    [0.0103998993206, -0.00150960275632, -0.019362056955, 0.165220007925, 1.74245268284e-16, -1.65681451081e-16, -0.371194294027, 3.182082122e-16, 4.63333097361e-16, -0.913472396412]
]



------ Canonical Transformation matrix A ------

[
    [1.0, -0.874501499843, 0.0, 0.0, -3.1249777835e-16, -0.317031074183, 0.381262220747, 0.0, 0.0, -1.35692983329],
    [0.0, 1.32844001491, 0.0, 0.0, 2.05714802924e-16, -0.525804984232, -1.85291834615, 0.0, 0.0, -0.313168220671],
    [0.0, 0.0, 1.0, 0.0, 0.0, 0.0, 0.0, -0.371839016677, 0.0, 0.0],
    [0.0, 0.0, 0.0, 1.0, 0.0, 0.0, 0.0, 0.0, -0.371839016677, 0.0],
    [0.0, 0.0, 0.0, 0.0, 1.0, 0.681268130721, 0.000668895022923, 0.0, 0.0, 1.26802753367],
    [0.0, 0.0, 0.0, 0.0, 0.0, 1.43547059724, -0.755503568227, 0.0, 0.0, 1.10477126661],
    [0.0, 0.0, 0.0, 0.0, 0.0, 0.0, 2.32083678231, 0.0, 0.0, 0.431649298038],
    [0.0, 0.0, 0.0, 0.0, 0.0, 0.0, 0.0, 1.06689467818, 0.0, 0.0],
    [0.0, 0.0, 0.0, 0.0, 0.0, 0.0, 0.0, 0.0, 1.06689467818, 0.0],
    [0.0, 0.0, 0.0, 0.0, 0.0, 0.0, 0.0, 0.0, 0.0, 1.75271804336]
]

------ Eigenvectors after Transformation (A*v)------

[
    [0.319465328567, 0.119034903503, -0.743436392737, 0.875310555012, -8.91887869197e-17, 9.29815368167e-16, 0.387387829016, -1.38941131474e-16, -8.09838459385e-16, 1.50556237215],
    [0.273453597142, 1.73969818873, 0.67728041927, -1.39800316181, -2.77524297316e-16, -5.55341563231e-16, -0.18726094057, 2.62623955861e-16, 1.54369801376e-16, 0.151952500175],
    [7.80016061113e-17, -1.55792563371e-16, 1.47567800348e-16, -3.9255051444e-16, 0.00492397479245, 0.608893543786, 2.39713911963e-16, 0.497712930766, -0.72095110769, -4.89917547601e-16],
    [9.12058769196e-19, -7.38486652152e-18, 3.86360147394e-18, -9.67855924459e-17, 0.608893543786, -0.00492397479245, -7.42502213117e-16, -0.72095110769, -0.497712930766, -6.05059857814e-17],
    [-0.0182280924006, -0.00264590602188, 0.0339362272359, 0.289584087955, -2.4997292331e-16, -2.10288023629e-16, 0.650598926863, -1.00327804909e-15, 1.82575102543e-16, -1.60105955548],
    [0.319465327931, -0.119034902536, -0.743436393151, -0.875310554792, -3.91171556539e-16, -6.11048697519e-16, 0.387387818288, -6.79012191529e-16, 4.07148312191e-16, -1.50556237505],
    [0.273453596467, -1.7396981891, 0.677280421083, 1.3980031616, 6.01258432818e-16, 1.61527718995e-16, -0.187260934122, 2.94219540689e-17, 9.48485605809e-17, -0.151952498989],
    [1.51068850789e-17, -3.08181718713e-17, 5.44169753984e-17, -1.47876789113e-16, 0.00492397479184, 0.608893543711, -2.89609515297e-16, -0.497712930796, 0.720951107733, 1.31492413284e-16],
    [-2.61691378096e-18, 2.11889404756e-17, -1.10855925986e-17, -4.08485109691e-17, 0.608893543711, -0.00492397479184, 1.33404209435e-15, 0.720951107733, 0.497712930796, 1.43313696545e-17],
    [0.0182280911884, -0.00264590798931, -0.0339362265816, 0.289584089014, 3.05402825691e-16, -2.90392868759e-16, -0.650598936732, 5.57729275067e-16, 8.12092279829e-16, -1.6010595513]
]


--------------------------------------------------------------------------------

                          SCF  Iteration: 6

--------------------------------------------------------------------------------

------ Hamiltonian ------

[
    [-0.0372004128677, -0.640542854992, 0.0, 0.0, 0.256010272981, -0.355092775341, 0.154062840814, 0.0, 0.0, -0.254201683873],
    [-0.640542854992, 0.555072755579, 0.0, 0.0, 0.0758740141453, -0.0194580359375, -0.195320145417, 0.0, 0.0, 0.222608887781],
    [0.0, 0.0, 2.27848358395, 0.0, 0.0, 0.0, 0.0, -0.459656319322, 0.0, 0.0],
    [0.0, 0.0, 0.0, 2.27848358395, 0.0, 0.0, 0.0, 0.0, -0.459656319322, 0.0],
    [0.256010272981, 0.0758740141453, 0.0, 0.0, 2.04256698916, 1.14581332012, 0.166613677422, 0.0, 0.0, 0.346785511939],
    [-0.355092775341, -0.0194580359375, 0.0, 0.0, 1.14581332012, 1.56083432695, -0.496439216289, 0.0, 0.0, 0.569082835103],
    [0.154062840814, -0.195320145417, 0.0, 0.0, 0.166613677422, -0.496439216289, 0.675230270787, 0.0, 0.0, -0.304990361608],
    [0.0, 0.0, -0.459656319322, 0.0, 0.0, 0.0, 0.0, 2.62031989161, 0.0, 0.0],
    [0.0, 0.0, 0.0, -0.459656319322, 0.0, 0.0, 0.0, 0.0, 2.62031989161, 0.0],
    [-0.254201683873, 0.222608887781, 0.0, 0.0, 0.346785511939, 0.569082835103, -0.304990361608, 0.0, 0.0, 4.22787680605]
]

------ Eigenvalues ------

[-0.597222979391, 0.241449152537, 0.768063292863, 1.31712773346, 1.95899685689, 1.95899685689, 2.72082177048, 2.93980661867, 2.93980661867, 4.57414176571]

------ Eigenvectors ------

[
    [0.795637672476, 0.317844735554, -0.310597714519, 0.403404772993, -5.01758996587e-17, -4.92137539981e-17, 0.0384929494379, -1.37484722151e-17, 3.92936159259e-17, 0.0724386631785],
    [0.479004372656, 0.075610422278, 0.779781739574, -0.388684504023, 1.64470767112e-16, 1.86100882974e-17, -0.0272541425808, -2.28869930316e-17, 3.74868960962e-18, -0.0704264275082],
    [2.77555756156e-17, -1.11022302463e-16, -5.55111512313e-17, 1.66533453694e-16, 0.774546438122, 0.272653816873, -1.80411241502e-16, -0.567426883957, -0.0613550543972, 0.0],
    [2.77555756156e-17, -1.11022302463e-16, 1.66533453694e-16, 2.22044604925e-16, -0.272653816873, 0.774546438122, 2.22044604925e-16, 0.0613550543972, -0.567426883957, 1.11022302463e-16],
    [-0.219210752463, 0.324146244312, 0.295042067767, 0.376777938849, -2.71637386884e-16, 4.55772563948e-17, 0.746991067559, -5.18067423574e-16, 6.27529091732e-16, -0.244680948044],
    [0.27554170459, -0.47613663737, -0.347516367324, -0.436068745242, -1.6713593984e-16, 2.51602568855e-16, 0.549416917244, -3.68334829824e-16, 3.86729011533e-16, -0.29084041414],
    [0.115891165502, -0.749318773337, 0.295427083669, 0.57164125924, -2.08855830703e-18, -2.91885241571e-16, -0.0116488931779, 2.49938243508e-17, 1.14963690697e-16, 0.104422344067],
    [1.44374369041e-18, -2.08034087881e-17, 2.59666303709e-18, 6.88263273702e-17, 0.538352886862, 0.18950957903, 6.03502651541e-16, 0.81637617739, 0.0882735841189, -8.71407859256e-18],
    [3.20308452092e-18, -2.40079733101e-17, 2.88691256217e-17, 8.16796539739e-17, -0.18950957903, 0.538352886862, -8.87281418051e-16, -0.0882735841189, 0.81637617739, -1.45410168462e-17],
    [0.0103998994301, -0.00150960282454, -0.0193620579308, 0.165220006094, -6.17798695904e-17, -1.42889989103e-16, -0.371194293973, 2.26601458597e-16, -3.08171516452e-16, -0.913472396743]
]



------ Canonical Transformation matrix A ------

[
    [1.0, -0.874501499843, 0.0, 0.0, -3.1249777835e-16, -0.317031074183, 0.381262220747, 0.0, 0.0, -1.35692983329],
    [0.0, 1.32844001491, 0.0, 0.0, 2.05714802924e-16, -0.525804984232, -1.85291834615, 0.0, 0.0, -0.313168220671],
    [0.0, 0.0, 1.0, 0.0, 0.0, 0.0, 0.0, -0.371839016677, 0.0, 0.0],
    [0.0, 0.0, 0.0, 1.0, 0.0, 0.0, 0.0, 0.0, -0.371839016677, 0.0],
    [0.0, 0.0, 0.0, 0.0, 1.0, 0.681268130721, 0.000668895022923, 0.0, 0.0, 1.26802753367],
    [0.0, 0.0, 0.0, 0.0, 0.0, 1.43547059724, -0.755503568227, 0.0, 0.0, 1.10477126661],
    [0.0, 0.0, 0.0, 0.0, 0.0, 0.0, 2.32083678231, 0.0, 0.0, 0.431649298038],
    [0.0, 0.0, 0.0, 0.0, 0.0, 0.0, 0.0, 1.06689467818, 0.0, 0.0],
    [0.0, 0.0, 0.0, 0.0, 0.0, 0.0, 0.0, 0.0, 1.06689467818, 0.0],
    [0.0, 0.0, 0.0, 0.0, 0.0, 0.0, 0.0, 0.0, 0.0, 1.75271804336]
]

------ Eigenvectors after Transformation (A*v)------

[
    [0.319465336893, 0.119034903011, -0.743436388068, 0.875310558091, -5.79838858705e-17, -6.26472631095e-17, 0.387387831111, -1.74913254185e-16, 3.75408703761e-16, 1.5055623704],
    [0.273453589603, 1.73969818946, 0.677280421742, -1.39800316059, 3.29587878364e-16, 4.78016623942e-16, -0.187260942637, 4.59924007534e-17, -3.14872938695e-16, 0.151952503012],
    [2.72187353815e-17, -1.03286783395e-16, -5.64766918616e-17, 1.40941139803e-16, 0.574365830046, 0.202186761356, -4.04817074012e-16, -0.870987398996, -0.0941786171145, 3.2402344151e-18],
    [2.6564543817e-17, -1.02095201274e-16, 1.5579878641e-16, 1.91672922709e-16, -0.202186761356, 0.574365830046, 5.51970454929e-16, 0.0941786171145, -0.870987398996, 1.16429219868e-16],
    [-0.0182280925926, -0.00264590614141, 0.0339362289459, 0.289584084746, -4.63841748888e-16, 3.56023871085e-17, 0.650598926769, -4.81648597651e-16, 5.003021732e-16, -1.60105955606],
    [0.319465336257, -0.119034902044, -0.743436388481, -0.875310557871, -3.06593438907e-16, 4.23827677055e-16, 0.387387820383, -2.97273961204e-16, 1.27823610054e-16, -1.50556237329],
    [0.27345358893, -1.73969818983, 0.677280423554, 1.39800316038, -3.15144402825e-17, -7.39096368344e-16, -0.187260936189, 1.55818947422e-16, 1.33789943248e-16, -0.151952501826],
    [1.54032245995e-18, -2.21950461239e-17, 2.77036597529e-18, 7.34304423898e-17, 0.574365829975, 0.202186761331, 6.43873767195e-16, 0.870987399048, 0.0941786171201, -9.29700407562e-18],
    [3.41735382912e-18, -2.56139789584e-17, 3.08003164895e-17, 8.71435881401e-17, -0.202186761331, 0.574365829975, -9.46635822964e-16, -0.0941786171201, 0.870987399048, -1.55137334885e-17],
    [0.0182280913803, -0.00264590810888, -0.0339362282918, 0.289584085805, -1.08282692147e-16, -2.50445862116e-16, -0.650598936637, 3.97168465135e-16, -5.40137777335e-16, -1.60105955188]
]
