--------------------------------------------------------------------------------

                          SCF  Iteration: 1

--------------------------------------------------------------------------------

------ Hamiltonian ------

[
    [-33.0633213367, 0.365168351161, 0.0, 0.0, 0.0275650888476, -0.179916864237, 0.0, 0.0, -0.011588847794, -0.16622227761, 0.0, 0.0, -0.230781269958, 0.0, -0.391984841333, 0.00645713538465, -0.161342937544, -0.0146171628069, 0.0, 0.0150420279807, -0.0022029418019, -0.148272088031, 0.0167715143817, 0.0, 0.038693229131],
    [0.365168351161, -8.78165528147, 0.0, 0.0, 0.186022257515, 0.249183090939, 0.0, 0.0, 0.0329120667017, 0.226552993241, 0.0, 0.0, 0.470497445017, 0.0, 0.69696270041, -0.0624153012502, 0.282044527617, 0.0499773037189, 0.0, -0.0491048841919, -0.0457665423702, 0.260460906839, -0.0572616258702, 0.0, -0.0841425656278],
    [0.0, 0.0, -8.56025378099, 0.0, 0.0, 0.0, 0.531046960313, 0.0, 0.0, 0.0, 0.0, 0.213989613365, 0.0, 0.0, 0.0, 0.0155488957219, -0.211091556592, -0.326180830272, 0.0, 0.351644912902, -0.0452917705223, 0.177548080837, -0.31928967055, 0.0, -0.326548171888],
    [0.0, 0.0, 0.0, -8.4454344618, 0.0, 0.0, 0.0, 0.583971762219, 0.0, 0.0, 0.0, 0.0, 0.0, 0.111423689322, 0.0, 0.0, 0.0, 0.0, 0.0286740585646, 0.0, 0.0, 0.0, 0.0, 0.0295468507176, 0.0],
    [0.0275650888476, 0.186022257515, 0.0, 0.0, -8.51070835214, 0.050958526842, 0.0, 0.0, 0.553884423775, -0.00374577337043, 0.0, 0.0, -0.0935519435389, 0.0, 0.118011806671, 0.0177650963843, 0.172554157967, 0.267813278204, 0.0, -0.231433222508, 0.0361898218241, 0.199739281163, -0.276700297026, 0.0, -0.253299839024],
    [-0.179916864237, 0.249183090939, 0.0, 0.0, 0.050958526842, -4.24568284721, 0.0, 0.0, 0.244533532216, -0.338090221042, 0.0, 0.0, -0.261522768171, 0.0, -0.580404360501, -0.206579172521, -0.163603018972, 0.0371886467699, 0.0, -0.0538744190878, -0.209314139033, -0.150341705382, -0.0466240034543, 0.0, -0.00636310947721],
    [0.0, 0.0, 0.531046960313, 0.0, 0.0, 0.0, -4.16220777591, 0.0, 0.0, 0.0, 0.0, 0.225735547077, 0.0, 0.0, 0.0, -0.331522523149, 0.230301389986, 0.283797947072, 0.0, -0.39437326376, 0.375204557448, -0.206819391359, 0.272489238539, 0.0, 0.386880004995],
    [0.0, 0.0, 0.0, 0.583971762219, 0.0, 0.0, 0.0, -3.95613974404, 0.0, 0.0, 0.0, 0.0, 0.0, 0.0859277232476, 0.0, 0.0, 0.0, 0.0, -0.131334120951, 0.0, 0.0, 0.0, 0.0, -0.135331720032, 0.0],
    [-0.011588847794, 0.0329120667017, 0.0, 0.0, 0.553884423775, 0.244533532216, 0.0, 0.0, -4.07328781817, 0.00894891770813, 0.0, 0.0, -0.107820252705, 0.0, 0.0645573862057, 0.237722340502, -0.197633903218, -0.327184060669, 0.0, 0.21280895243, 0.220502616537, -0.206524223539, 0.358911175023, 0.0, 0.201250423785],
    [-0.16622227761, 0.226552993241, 0.0, 0.0, -0.00374577337043, -0.338090221042, 0.0, 0.0, 0.00894891770813, -4.30951202456, 0.0, 0.0, 0.234420223513, 0.0, 0.368483366905, -0.202789385637, 0.0485469425819, -0.000426741871222, 0.0, -0.109462972998, -0.188199849267, 0.0495126025587, -0.00186921766417, 0.0, -0.103636499452],
    [0.0, 0.0, 0.0, 0.0, 0.0, 0.0, 0.0, 0.0, 0.0, 0.0, -4.33471648289, 0.0, 0.0, 0.0, 0.0, 0.0, 0.0, 0.0, -0.1194236185, 0.0, 0.0, 0.0, 0.0, 0.115895932991, 0.0],
    [0.0, 0.0, 0.213989613365, 0.0, 0.0, 0.0, 0.225735547077, 0.0, 0.0, 0.0, 0.0, -4.57249387327, 0.0, 0.0, 0.0, 0.287008946723, -0.0225890332966, -0.120604408404, 0.0, 0.0113909744694, -0.290054248508, 0.0328120635845, -0.0999997936624, 0.0, -0.0395104194935],
    [-0.230781269958, 0.470497445017, 0.0, 0.0, -0.0935519435389, -0.261522768171, 0.0, 0.0, -0.107820252705, 0.234420223513, 0.0, 0.0, -3.95479435698, 0.0, 0.56331185804, 0.115617795648, 0.0808066839595, -0.0326022035364, 0.0, -0.00869732088837, 0.120914565634, 0.0801853793187, 0.0426924684176, 0.0, -0.0384475378737],
    [0.0, 0.0, 0.0, 0.111423689322, 0.0, 0.0, 0.0, 0.0859277232476, 0.0, 0.0, 0.0, 0.0, 0.0, -4.28681485329, 0.0, 0.0, 0.0, 0.0, 0.0787323840425, 0.0, 0.0, 0.0, 0.0, 0.0811288709864, 0.0],
    [-0.391984841333, 0.69696270041, 0.0, 0.0, 0.118011806671, -0.580404360501, 0.0, 0.0, 0.0645573862057, 0.368483366905, 0.0, 0.0, 0.56331185804, 0.0, -3.42701431, -0.0287725566963, 0.162818511859, 0.0885811977586, 0.0, 0.0038727852703, -0.0250419178574, 0.147203208348, -0.101636301829, 0.0, -0.00804590854714],
    [0.00645713538465, -0.0624153012502, 0.0155488957219, 0.0, 0.0177650963843, -0.206579172521, -0.331522523149, 0.0, 0.237722340502, -0.202789385637, 0.0, 0.287008946723, 0.115617795648, 0.0, -0.0287725566963, -2.95140785091, -0.0264187597003, 0.147270699453, 0.0, -0.129489694744, -0.111006486646, 0.0535517069155, 0.0236565028919, 0.0, -0.106630121455],
    [-0.161342937544, 0.282044527617, -0.211091556592, 0.0, 0.172554157967, -0.163603018972, 0.230301389986, 0.0, -0.197633903218, 0.0485469425819, 0.0, -0.0225890332966, 0.0808066839595, 0.0, 0.162818511859, -0.0264187597003, -2.2707218944, -0.305103361015, 0.0, 0.341820836238, 0.0414034731625, 0.160455552114, -0.00415697772487, 0.0, -0.124176686648],
    [-0.0146171628069, 0.0499773037189, -0.326180830272, 0.0, 0.267813278204, 0.0371886467699, 0.283797947072, 0.0, -0.327184060669, -0.000426741871222, 0.0, -0.120604408404, -0.0326022035364, 0.0, 0.0885811977586, 0.147270699453, -0.305103361015, -1.93814580279, 0.0, -0.229160947906, -0.0674279432438, 0.0926265191469, -0.230533043156, 0.0, 0.146036376316],
    [0.0, 0.0, 0.0, 0.0286740585646, 0.0, 0.0, 0.0, -0.131334120951, 0.0, 0.0, -0.1194236185, 0.0, 0.0, 0.0787323840425, 0.0, 0.0, 0.0, 0.0, -2.13121062489, 0.0, 0.0, 0.0, 0.0, 0.0654036312861, 0.0],
    [0.0150420279807, -0.0491048841919, 0.351644912902, 0.0, -0.231433222508, -0.0538744190878, -0.39437326376, 0.0, 0.21280895243, -0.109462972998, 0.0, 0.0113909744694, -0.00869732088837, 0.0, 0.0038727852703, -0.129489694744, 0.341820836238, -0.229160947906, 0.0, -1.90837967321, -0.186519586216, -0.232578286708, -0.121989563553, 0.0, 0.145101149067],
    [-0.0022029418019, -0.0457665423702, -0.0452917705223, 0.0, 0.0361898218241, -0.209314139033, 0.375204557448, 0.0, 0.220502616537, -0.188199849267, 0.0, -0.290054248508, 0.120914565634, 0.0, -0.0250419178574, -0.111006486646, 0.0414034731625, -0.0674279432438, 0.0, -0.186519586216, -2.91131143471, 0.00653139481783, -0.12178521963, 0.0, -0.159512645454],
    [-0.148272088031, 0.260460906839, 0.177548080837, 0.0, 0.199739281163, -0.150341705382, -0.206819391359, 0.0, -0.206524223539, 0.0495126025587, 0.0, 0.0328120635845, 0.0801853793187, 0.0, 0.147203208348, 0.0535517069155, 0.160455552114, 0.0926265191469, 0.0, -0.232578286708, 0.00653139481783, -2.2517530246, 0.335289861846, 0.0, 0.292806736496],
    [0.0167715143817, -0.0572616258702, -0.31928967055, 0.0, -0.276700297026, -0.0466240034543, 0.272489238539, 0.0, 0.358911175023, -0.00186921766417, 0.0, -0.0999997936624, 0.0426924684176, 0.0, -0.101636301829, 0.0236565028919, -0.00415697772487, -0.230533043156, 0.0, -0.121989563553, -0.12178521963, 0.335289861846, -1.85636157461, 0.0, 0.178539593349],
    [0.0, 0.0, 0.0, 0.0295468507176, 0.0, 0.0, 0.0, -0.135331720032, 0.0, 0.0, 0.115895932991, 0.0, 0.0, 0.0811288709864, 0.0, 0.0, 0.0, 0.0, 0.0654036312861, 0.0, 0.0, 0.0, 0.0, -2.12728786873, 0.0],
    [0.038693229131, -0.0841425656278, -0.326548171888, 0.0, -0.253299839024, -0.00636310947722, 0.386880004995, 0.0, 0.201250423785, -0.103636499452, 0.0, -0.0395104194935, -0.0384475378737, 0.0, -0.00804590854714, -0.106630121455, -0.124176686648, 0.146036376316, 0.0, 0.145101149067, -0.159512645454, 0.292806736496, 0.178539593349, 0.0, -1.77973920968]
]

------ Eigenvalues ------

[-33.0800624517, -9.00616910894, -8.73324237848, -8.58989392002, -8.52309462819, -4.93391432801, -4.88932893967, -4.43957885657, -4.34758001445, -4.31821976708, -4.26166881381, -4.15097790679, -3.99560073142, -3.87053191177, -2.90456694482, -2.79769849002, -2.75403699438, -2.47160262684, -2.3211031805, -2.18181874964, -2.0403589645, -1.88662479219, -1.6888110247, -1.36643913799, -1.25743159543]

------ Eigenvectors ------

[
    [0.999685807565, -0.0168671640909, -3.94474425039e-17, -0.00875216807664, 2.32776332113e-17, 6.33229200657e-17, 0.00681735362762, -0.000647518037367, -4.34843352857e-18, -7.54909535776e-18, -0.00543533515819, -1.11100272107e-17, 0.00560789605101, -5.19527950342e-18, 0.00307261136754, -2.1740510817e-17, -0.00628296180565, 1.0386162312e-16, -7.84966195681e-18, -3.69639309066e-19, -1.52157677553e-18, -0.00992765512626, -0.00328591390343, -0.00101262555348, -1.27146287643e-17],
    [-0.0157995765362, -0.914941828506, -2.74036985787e-15, -0.363093436638, 1.06038394684e-15, -4.0999969875e-16, -0.0631360840459, 0.0151054460919, 6.88212704958e-17, 1.06326395495e-16, 0.0791162378025, -1.45866033464e-17, -0.0727894089445, 5.97720036387e-17, -0.0390631316734, 4.54514835739e-16, 0.0645887837523, -8.52592310307e-16, -4.5464086658e-16, 3.39720804471e-18, 1.43526221444e-17, 0.0923048612037, 0.0282988745023, 0.00207615286607, 2.40902374594e-16],
    [4.33680868994e-19, 4.88498130835e-15, -0.98204540205, -4.77395900589e-15, -1.30278771969e-14, 0.0727894739809, -2.91433543964e-16, -2.68882138776e-16, -8.40878038928e-16, -1.39032561508e-15, -1.11022302463e-16, -0.154094697925, -3.33066907388e-16, -7.23594019036e-18, -1.27675647832e-15, -0.0401213357295, -5.55111512313e-17, 0.0443067129462, 0.00136209540744, 6.36666622197e-17, 9.90970504078e-17, 2.22044604925e-16, 3.05311331772e-16, 7.35522753814e-16, -0.0544856234722],
    [0.0, -3.88578058619e-16, 1.39086551459e-14, -1.88044024796e-15, -0.991614679273, 6.83217122704e-17, 3.33066907388e-16, -4.30211422042e-16, -1.18557031669e-16, -0.0098838736346, -1.11022302463e-16, -2.14771612955e-17, 0.0, -0.128841511485, 2.08166817117e-16, -1.78178756842e-16, 6.93889390391e-17, 9.23317138369e-17, 1.64603246572e-16, 2.57884078861e-17, -0.00158171109419, 1.11022302463e-16, 1.66533453694e-16, 2.35922392733e-16, 1.49564313266e-17],
    [-0.00116738140655, 0.370916018242, 6.21205207192e-15, -0.91337771589, 1.77309205827e-15, 2.59929164397e-16, 0.0571479725366, -0.0247512405662, -7.75744608829e-17, -1.85161511138e-17, -0.00742759732009, 3.72013482709e-16, -0.139665195062, 2.33813090607e-16, 0.0256605557988, -3.96889366429e-16, -0.0126857769339, 1.03703492666e-16, -7.93895249273e-17, 1.18732122659e-18, 5.9539031422e-18, 0.0371506068558, 0.0211072193481, -0.0455627786857, -5.86501227299e-16],
    [0.00683359021735, 0.0657169339475, -6.38856312977e-17, 0.0357542732395, -3.75636432929e-16, -4.29973733073e-15, -0.636509924621, 0.115768234056, 5.54669161243e-16, 7.20524534627e-16, 0.520882352411, -2.73616076419e-16, -0.401797390978, 3.25880904667e-16, -0.0371667987774, 3.04050951334e-15, -0.308455566741, 1.7238954976e-15, 8.04745814697e-16, -1.88668582009e-17, -4.6372819761e-17, -0.203465648215, -0.0659124852873, -0.027938301138, -8.53499412568e-16],
    [-1.22398655699e-18, -6.49149172622e-16, 0.134491528101, 6.22659096911e-16, 1.94037418317e-15, 0.534140698483, -3.32027613714e-15, -4.01230655765e-16, -4.3931344053e-15, -5.90237316357e-15, -8.22194334278e-16, -0.735440554049, -1.75918355685e-15, -5.53203766303e-17, 3.57361406228e-15, -0.0154499246924, -7.03851710326e-16, -0.293624616549, 0.217982592408, 5.65366627131e-16, 6.94802782549e-17, 1.24067007406e-16, -1.47514340229e-15, -2.58724518823e-15, 0.147520874267],
    [1.12575209699e-22, 3.85475421907e-17, -1.74302852122e-15, 2.44566394318e-16, 0.126756219492, 3.25158774481e-16, -2.440373653e-16, -5.31716290701e-16, 3.86390594134e-15, -0.249280645243, -2.32007058603e-16, 2.41907149752e-15, -1.41134588691e-15, -0.955260317349, 8.82880705443e-17, -3.88042985476e-16, -1.47704922457e-16, 3.66534633356e-16, 7.32826476393e-16, 3.47314773956e-16, -0.0962795244329, 1.0230546141e-16, -5.01041356817e-18, -1.42467138197e-16, -1.14302105664e-16],
    [0.000476937613016, -0.0378546859906, -1.06774912362e-15, 0.127431220184, -2.02017986906e-17, 1.84173561303e-15, 0.420938968864, -0.277804931611, -4.49182256446e-16, 4.09990223044e-17, 0.0126058514626, 1.84084285994e-15, -0.778788191339, 1.11354778884e-15, 0.220168730055, -5.03903665715e-15, 0.149371997266, 1.38088269351e-15, 6.09198429533e-16, -3.37320391009e-19, -3.3027345022e-17, -0.178656266243, -0.00386225649589, 0.136285317076, 1.70717484071e-15],
    [0.00571885635144, 0.0359888438002, 3.2591214512e-16, 0.0107165053009, -1.57154106567e-16, -4.26927574575e-15, -0.455467422251, -0.779541163312, -3.21546583462e-17, 1.77768450726e-16, -0.240528495683, -7.12068001e-16, -0.0280131228432, 5.91222180353e-16, -0.238234734349, 3.21702645192e-15, 0.218879619639, -3.16453194762e-15, -5.24121654955e-16, 4.26384618531e-18, 5.35168094866e-17, 0.126758178496, 0.0632476600733, -0.00718227945584, -9.93852929958e-17],
    [1.16290637533e-27, 3.12816894813e-21, 2.96230240743e-17, -4.76491575823e-21, 1.47951630421e-17, -1.26888133404e-15, -1.50704638581e-17, -2.70991213172e-16, -0.997025828878, -2.59996374374e-14, 1.12668532732e-15, 5.12349668398e-15, 3.6402516739e-16, 2.70320980856e-15, -3.33892382976e-16, 1.0147589125e-15, -2.21344236611e-16, 8.65223957479e-17, -3.53980298521e-19, -0.0770681292769, -6.56267819858e-16, 3.98127256333e-17, -1.61052447209e-16, 2.42714283736e-17, -6.92025855421e-17],
    [5.53093080236e-19, -1.87179950347e-16, 0.0374435026929, 1.84070870909e-16, 5.48507608783e-16, -0.770619888119, 5.22984829654e-15, 2.07791552958e-15, -1.81413669459e-15, -5.42040530296e-15, -1.73205136878e-15, -0.609085197356, -1.10033961848e-15, -3.86283576428e-16, 2.71417084741e-15, 0.151940123192, 1.48233976783e-15, 0.092940145002, -0.0408571370555, -3.1772781598e-17, 1.21468363789e-17, 7.15814061794e-17, 2.10609704977e-16, 1.5824142679e-16, -0.0191106584564],
    [0.00790162917464, 0.0804495250861, 6.37363861119e-16, 0.0135289102353, 1.61498937627e-16, 5.55989815654e-16, 0.214756017924, -0.211563539699, 9.5055910947e-16, 1.4262873111e-15, 0.799141887523, -1.94427716112e-15, 0.225581557723, -8.73280881702e-16, -0.0381513236759, -2.08978268998e-15, 0.404707524008, -1.93831175655e-15, -1.17530853327e-15, 1.52691445955e-17, 2.45210891161e-17, 0.201278793115, 0.0831886997669, 0.0145298589678, 1.05552699357e-15],
    [1.94847134521e-23, 6.56046181756e-18, -7.22754876633e-16, 4.65007178396e-17, 0.0232540248003, -5.19540818314e-16, 4.90219511067e-18, 5.83534229935e-16, -2.59447740814e-14, 0.965911658479, -1.69602812789e-15, -7.99231804059e-15, -5.36889793783e-16, -0.253638558267, 1.19464665959e-17, -6.28765389728e-16, -6.39809663913e-18, -5.66856121869e-16, -1.57094576215e-16, -3.63828792878e-16, 0.0462752645142, -1.13894473867e-18, -2.01312045402e-18, -2.12846919249e-18, -2.74511761837e-16],
    [0.013445189409, 0.101066417113, 3.32756958605e-16, 0.0648148452797, -5.36974593667e-16, -4.72385312468e-16, -0.233243623188, 0.496953758009, -4.59809717236e-16, -6.29567118865e-16, -0.15106328589, 1.25480680257e-15, -0.316607303022, 3.59743653943e-16, -0.188284816254, -8.21655666332e-16, 0.625289584833, -4.53937793801e-15, -1.78072712152e-15, 3.03144866374e-17, 8.15654016283e-17, 0.361179428146, 0.063945375089, -0.000297949588406, 1.1334956431e-16],
    [-0.000194590033474, -0.00638730514547, 0.00953678422579, -0.00768727776034, 2.64234461629e-16, 0.194297067788, -0.209261647478, -0.0171180757344, -3.37824425371e-16, 2.83051805597e-17, -0.0312605114009, -0.0526420804872, 0.0914240710883, -3.70382018366e-16, 0.646992394715, 0.543234721165, 0.159855798325, 0.242055177493, -0.312341644141, -9.77423643441e-16, -1.42704723773e-15, 0.00640179721083, 0.0719027128258, -0.0678077060319, 0.0255667308655],
    [0.00530457973018, 0.0240510534817, -0.0443937253054, 0.0459786900339, -7.05386363638e-16, -0.0693347835616, 0.0251361071904, -0.0324291081611, 1.10808686987e-15, 7.43446941111e-16, 0.0196193356009, 0.110680600685, -0.094675996905, 2.40628998342e-16, 0.0769680421378, 0.385469161522, -0.337997398981, -0.434147414345, 0.174315094177, 4.64354899688e-17, -7.76617831193e-16, 0.572282200477, 0.136199051064, 0.277274343481, -0.238030332178],
    [0.000508164140372, -0.00930850024781, -0.0535486092265, 0.0443515803725, -7.25463925785e-16, -0.0948199807877, 0.0590234842134, -0.0534006135751, 5.59256379127e-17, -2.07732369001e-17, 0.0109676162443, 0.0483815820796, -0.0805938473496, -1.09052634404e-16, 0.0594735588543, -0.0711795516915, -0.0640327276861, -0.441989419242, -0.431571616325, -6.59142382087e-16, -1.37504847135e-15, 0.23830316626, -0.320335659087, -0.519357531969, 0.383859098867],
    [5.75756570431e-24, 2.22760399196e-18, -8.67575268521e-17, 1.25309400321e-17, 0.00669582365923, -1.24800956779e-17, -1.15241995041e-17, -5.95720071421e-17, -0.0553061254992, -0.0481298794369, 1.15742328638e-16, 9.67706297215e-16, -5.5810268771e-17, -0.0563421775053, -3.69423725e-17, 1.98057708298e-15, -7.54161731131e-17, -8.88744417519e-16, -2.37023555972e-15, 0.71549207351, 0.69244246325, -1.22239263679e-16, 4.43910624551e-17, 5.20198508161e-17, 1.80044040935e-17],
    [-0.000501419661421, 0.00705002536364, 0.0601021155127, -0.0372510598325, 9.13135014e-16, 0.0664145410912, -0.0725524029293, -0.0128908588281, -9.73500257229e-16, -1.4978533378e-15, -0.00128183860853, -0.126895010717, 0.062232946924, -3.03888221734e-16, 0.125800964006, -0.317710655268, 0.0585214946959, -0.0700432316707, -0.42717594388, -4.47817983538e-16, -7.53498376536e-16, 0.0836865891312, -0.505204775891, 0.418361194956, -0.469355778527],
    [8.94022004272e-05, -0.00542892032388, -0.0152745690533, -0.00381051729204, -5.27732994311e-17, -0.204050092677, -0.202015847408, -0.0148832935492, -5.61826195114e-16, 1.37148119194e-16, -0.0304300333205, 0.0692272268002, 0.0837394686699, 3.5458064969e-16, 0.630626272246, -0.502603163779, 0.139433693427, -0.241608891358, 0.388504405521, 1.12387835856e-15, 1.55326255277e-15, 0.0151868695903, 0.141248634656, -0.0706773478349, -0.00973711280395],
    [0.00487758900266, 0.0200649930634, 0.0401280920999, 0.0480496911026, 8.21633242223e-16, 0.074110957258, 0.0236671985407, -0.0295947017073, -9.50190250568e-16, -5.27542879704e-16, 0.0164462031061, -0.106904093855, -0.0921455798741, 1.29831137161e-16, 0.0880258903638, -0.367478441411, -0.307373123357, 0.503227451157, -0.154820881013, -3.69191938821e-17, 9.96030233155e-16, 0.510756459057, 0.198244777383, 0.168975589437, 0.35402811624],
    [-0.000580335759463, 0.00908763274365, -0.0519714349121, -0.0466922356179, -7.88065577011e-16, -0.0826378204974, -0.0711134855946, 0.0596081377841, 7.07073357608e-17, -2.65048004166e-17, -0.014003255794, 0.0488638469824, 0.0898569845793, -4.71006472648e-16, -0.0408213319318, -0.0339518563609, 0.078088659727, -0.37023155368, -0.374232512964, -6.46635422313e-16, -1.34794199913e-15, -0.276421367438, 0.402256682605, 0.531508607043, 0.402715328152],
    [5.64440006703e-24, 2.30983771749e-18, -9.39881980456e-17, 1.28261484447e-17, 0.00689963374543, 7.05585046205e-17, -1.36030254118e-17, -3.08352842541e-17, 0.0536724233896, -0.0495948754368, -1.3366854634e-17, 3.19316515244e-16, -9.48333957383e-17, -0.0580571426296, 6.62579705431e-17, 1.14429823188e-15, 5.1642014371e-18, -1.09152236933e-15, -1.61832658342e-16, -0.694356965972, 0.713519296409, -8.08553549302e-17, 1.77416084074e-17, 2.55259551437e-17, -3.19399844187e-17],
    [-0.00127883162961, 0.00381526923732, -0.0548704298015, -0.0421957924537, -5.36073787934e-16, -0.0749808526646, -0.0528782551577, -0.0127027480724, 8.69127354398e-16, 1.32434603456e-15, 0.000347869324475, 0.111014246399, 0.0634991381661, 3.81065683537e-17, 0.057422844188, 0.191221540899, 0.0902696921958, 0.0846410923325, 0.373069530543, 4.85118686628e-16, 8.79047268115e-16, 0.0283208301086, -0.613794968057, 0.368802049412, 0.512189990001]
]



------ Canonical Transformation matrix A ------

[
    [1.0, -0.240344769484, 0.0, 0.0, 9.45056202824e-18, 0.0183117251501, 0.0, 0.0, -4.76144022074e-18, 0.129457719476, 0.0, 0.0, 0.18146086361, 0.0, 0.307084507763, 0.0312912591008, 0.205273235627, 0.0147122963636, 0.0, -0.0157012043583, 0.0418332077401, 0.190246053252, -0.0150864799073, 0.0, -0.0504211709448],
    [0.0, 1.02847732509, 0.0, 0.0, 8.60875693935e-18, -1.18722981282, 0.0, 0.0, -9.0753596195e-18, -0.0777877030292, 0.0, 0.0, -0.109035010249, 0.0, -0.184518919314, 0.316357595077, 0.644185137657, 0.0486301297194, 0.0, -0.0518988732844, 0.347813187937, 0.609832273153, -0.0373878808983, 0.0, -0.185933315396],
    [0.0, 0.0, 1.0, 0.0, 0.0, 0.0, -0.579695019023, 0.0, 0.0, 0.0, 0.0, -1.17002210696e-17, 0.0, 0.0, 0.0, -0.00463718761047, 0.230575200313, 0.343618293339, 0.0, -0.379649803743, 0.0369980137594, -0.194428968102, 0.337241345167, 0.0, 0.350503647031],
    [0.0, 0.0, 0.0, 1.0, 0.0, 0.0, 0.0, -0.579695019023, 0.0, 0.0, 0.0, 0.0, 0.0, -1.17002210696e-17, 0.0, 0.0, 0.0, 0.0, -0.0146904610367, 0.0, 0.0, 0.0, 0.0, -0.0151376150064, 0.0],
    [0.0, 0.0, 0.0, 0.0, 1.0, -2.55228334971e-18, 0.0, 0.0, -0.579695019023, -1.69795185818e-17, 0.0, 0.0, -2.38001883395e-17, 0.0, -6.32755744785e-17, 0.00349636635094, -0.173850065914, -0.272508221334, 0.0, 0.273670095228, -0.0190304483647, -0.206414194923, 0.279383678732, 0.0, 0.296689629555],
    [0.0, 0.0, 0.0, 0.0, 0.0, 1.54909296201, 0.0, 0.0, 3.95456536376e-18, -0.947868171155, 0.0, 0.0, -1.32862665604, 0.0, -2.24842235705, -1.03177958868, -3.46731921042, 0.546196171417, 0.0, -0.582909526509, -1.15988756213, -3.0901734121, -0.578758279386, 0.0, 0.0655750987194],
    [0.0, 0.0, 0.0, 0.0, 0.0, 0.0, 1.15587469696, 0.0, 0.0, 0.0, 0.0, 2.3329490576e-17, 0.0, 0.0, 0.0, -0.855033432896, -0.916636336495, 0.381674488079, 0.0, -0.689041405203, 0.878694624371, 1.12252540318, 0.417829817809, 0.0, 0.902977243701],
    [0.0, 0.0, 0.0, 0.0, 0.0, 0.0, 0.0, 1.15587469696, 0.0, 0.0, 0.0, 0.0, 0.0, 2.3329490576e-17, 0.0, 0.0, 0.0, 0.0, -0.319951423596, 0.0, 0.0, 0.0, 0.0, -0.329690229535, 0.0],
    [0.0, 0.0, 0.0, 0.0, 0.0, 0.0, 0.0, 0.0, 1.15587469696, 2.28383567836e-17, 0.0, 0.0, 3.20125208613e-17, 0.0, 1.0003250044e-16, 0.644681728415, 0.691129346532, -0.58017651805, 0.0, 0.245542594692, 0.675539578971, 0.609064718128, 0.65084120872, 0.0, 0.0289506909274],
    [0.0, 0.0, 0.0, 0.0, 0.0, 0.0, 0.0, 0.0, 0.0, 1.41000515404, 0.0, 0.0, 0.485239404145, 0.0, 0.82116606636, -0.335023108689, 0.634339112454, 0.208581968665, 0.0, -0.799926194515, -0.233762494849, 0.684721622527, -0.185323799683, 0.0, -0.909843662052],
    [0.0, 0.0, 0.0, 0.0, 0.0, 0.0, 0.0, 0.0, 0.0, 0.0, 1.0, 0.0, 0.0, 0.0, 0.0, 0.0, 0.0, 0.0, -0.378562477752, 0.0, 0.0, 0.0, 0.0, 0.367380021687, 0.0],
    [0.0, 0.0, 0.0, 0.0, 0.0, 0.0, 0.0, 0.0, 0.0, 0.0, 0.0, 1.0, 0.0, 0.0, 0.0, 0.599680220404, 0.0718080760009, -0.614069960996, 0.0, 0.464586384818, -0.626431288582, -0.144237290431, -0.583337415693, 0.0, -0.548769822519],
    [0.0, 0.0, 0.0, 0.0, 0.0, 0.0, 0.0, 0.0, 0.0, 0.0, 0.0, 0.0, 1.49116458306, 0.0, 0.82116606636, 0.353768886184, 0.716817783976, -0.0993642822453, 0.0, 0.106043194271, 0.379896816447, 0.649379057008, 0.113937302376, 0.0, -0.0441049483653],
    [0.0, 0.0, 0.0, 0.0, 0.0, 0.0, 0.0, 0.0, 0.0, 0.0, 0.0, 0.0, 0.0, 1.0, 0.0, 0.0, 0.0, 0.0, 0.285430140017, 0.0, 0.0, 0.0, 0.0, 0.294118173693, 0.0],
    [0.0, 0.0, 0.0, 0.0, 0.0, 0.0, 0.0, 0.0, 0.0, 0.0, 0.0, 0.0, 0.0, 0.0, 1.70231769136, -0.0378040081965, 0.669929300409, 0.527508580335, 0.0, 0.0143582688506, -0.0303499755317, 0.614469827224, -0.593984326397, 0.0, -0.0272327396586],
    [0.0, 0.0, 0.0, 0.0, 0.0, 0.0, 0.0, 0.0, 0.0, 0.0, 0.0, 0.0, 0.0, 0.0, 0.0, 1.83131320896, -0.194357108597, -0.856776771862, 0.0, 0.914366245216, -0.0864690848896, -0.0514634887782, 0.0920039404776, 0.0, -0.162171810458],
    [0.0, 0.0, 0.0, 0.0, 0.0, 0.0, 0.0, 0.0, 0.0, 0.0, 0.0, 0.0, 0.0, 0.0, 0.0, 0.0, 2.33501688423, -0.527004956377, 0.0, 0.562428346564, 0.0827175513442, -0.370664829215, -0.0588649831391, 0.0, -0.373621818105],
    [0.0, 0.0, 0.0, 0.0, 0.0, 0.0, 0.0, 0.0, 0.0, 0.0, 0.0, 0.0, 0.0, 0.0, 0.0, 0.0, 0.0, 1.39893015463, 0.0, -0.476744124573, -0.0174011574562, 0.108608980069, -0.0941552328531, 0.0, 0.0907816749163],
    [0.0, 0.0, 0.0, 0.0, 0.0, 0.0, 0.0, 0.0, 0.0, 0.0, 0.0, 0.0, 0.0, 0.0, 0.0, 0.0, 0.0, 0.0, 1.1541573403, 0.0, 0.0, 0.0, 0.0, 0.034611822936, 0.0],
    [0.0, 0.0, 0.0, 0.0, 0.0, 0.0, 0.0, 0.0, 0.0, 0.0, 0.0, 0.0, 0.0, 0.0, 0.0, 0.0, 0.0, 0.0, 0.0, 1.34779624047, -0.130189513292, -0.210292926473, -0.119377967971, 0.0, 0.093178972796],
    [0.0, 0.0, 0.0, 0.0, 0.0, 0.0, 0.0, 0.0, 0.0, 0.0, 0.0, 0.0, 0.0, 0.0, 0.0, 0.0, 0.0, 0.0, 0.0, 0.0, 1.84405379976, -0.184409226565, 0.882095170651, 0.0, 0.890994706664],
    [0.0, 0.0, 0.0, 0.0, 0.0, 0.0, 0.0, 0.0, 0.0, 0.0, 0.0, 0.0, 0.0, 0.0, 0.0, 0.0, 0.0, 0.0, 0.0, 0.0, 0.0, 2.3820108036, 0.570188449488, 0.0, 0.578417099014],
    [0.0, 0.0, 0.0, 0.0, 0.0, 0.0, 0.0, 0.0, 0.0, 0.0, 0.0, 0.0, 0.0, 0.0, 0.0, 0.0, 0.0, 0.0, 0.0, 0.0, 0.0, 0.0, 1.4126840305, 0.0, 0.466711472998],
    [0.0, 0.0, 0.0, 0.0, 0.0, 0.0, 0.0, 0.0, 0.0, 0.0, 0.0, 0.0, 0.0, 0.0, 0.0, 0.0, 0.0, 0.0, 0.0, 0.0, 0.0, 0.0, 0.0, 1.15467620762, 0.0],
    [0.0, 0.0, 0.0, 0.0, 0.0, 0.0, 0.0, 0.0, 0.0, 0.0, 0.0, 0.0, 0.0, 0.0, 0.0, 0.0, 0.0, 0.0, 0.0, 0.0, 0.0, 0.0, 0.0, 0.0, 1.37864446118]
]

------ Eigenvectors after Transformation (A*v)------

[
    [1.01201434978, 0.2622813474, 6.76642407597e-16, 0.125164990248, -3.62910170717e-16, -5.87435129093e-16, -0.0808733814823, -0.00314683901359, 2.29316699952e-19, 8.42956000346e-17, 0.057853445279, 7.66872486511e-17, -0.0814937376558, 1.00639477784e-16, -0.00801033220045, -8.20701433477e-16, 0.141722277433, -1.26714900035e-15, -1.47903499366e-15, 1.26680603615e-17, 4.86145671447e-17, 0.348421720318, 0.13355684368, 0.0427538373185, 2.11171377712e-15],
    [-0.0214784630109, -1.02728502392, -3.67165057465e-15, -0.361305005282, 1.78860958831e-15, 4.16436291652e-15, 0.659087589282, -0.181223519582, -8.82965602227e-16, -7.53911443432e-16, -0.574334854702, 1.03767920699e-15, 0.35671730678, -8.1240141443e-17, 0.575880131634, -1.1075029444e-14, -0.0758607563537, 2.49956705141e-15, -3.59126605212e-15, 3.2549635251e-17, 1.03032711822e-16, 0.937796248386, 0.471804093231, 0.134549182614, 7.39009272366e-15],
    [9.34538639746e-18, 5.72613745539e-15, -1.15663421966, -5.55993916506e-15, -1.55278924814e-14, -0.387641966559, 2.05469026534e-15, 1.06345180871e-16, 2.8441060559e-15, 3.32695496695e-15, 5.54202818071e-16, 0.441537633766, 1.20488236366e-15, 2.32172111233e-18, 6.38530842333e-15, 0.25978266148, 1.85104895141e-15, -0.213961811203, -0.0204477316311, -3.0459046008e-16, -5.82719945989e-16, -1.15031600983e-15, -2.97748843659e-15, -7.12524704325e-15, 0.361229792202],
    [-6.54293123776e-23, -4.10991566786e-16, 1.49217773629e-14, -2.02259241115e-15, -1.06529743708, -1.21055958807e-16, 4.74909365673e-16, -1.20636223878e-16, -2.37702723143e-15, 0.136080673001, 2.19730679181e-17, -1.4428506012e-15, 8.20405610774e-16, 0.42662467559, 1.56526375218e-16, 3.50292451082e-19, 1.56042471532e-16, -9.05674767839e-17, -2.22942997987e-16, -7.92044298335e-17, 0.0332577702183, 5.47360444387e-17, 1.68517274671e-16, 3.17359285447e-16, 8.14357948343e-17],
    [-0.00419250152445, 0.392755108006, 7.16070540523e-15, -1.05295963174, 1.80813823872e-15, -1.3037526718e-15, -0.264506798747, 0.172169879209, 1.9177412666e-16, -8.38921279649e-17, -0.0282195385929, -9.15787940002e-16, 0.428937969924, -6.62113269409e-16, -0.119406954579, 1.42200505562e-15, 0.102900301206, -1.2918500554e-15, 3.70242877089e-16, -3.53701505017e-18, -2.73155351406e-17, -0.175330734048, -0.164377214902, 0.307394838399, 3.66203457472e-15],
    [-0.0681099703172, -0.413151324758, 1.16542842283e-15, -0.343835298701, -2.52344963136e-16, 1.84084958166e-15, 0.0869664551397, 0.263800196555, 1.36907766825e-15, 2.96288600573e-16, 0.276343580774, -2.65016005098e-15, 0.109706629968, -5.76158697376e-16, -1.3090793597, 3.21336612022e-14, -0.942160069239, 5.32459547628e-15, 2.04656915737e-14, -1.56647929692e-16, -5.26920082041e-16, -4.85846005641, -1.89277104322, -2.19769675847, -5.80293255754e-14],
    [-4.02197238728e-17, -6.05715239949e-16, 0.086504158921, 2.48115922433e-16, 1.81999683271e-15, 0.234530438257, -3.75418671445e-16, 6.69268515338e-16, -5.85858753127e-15, -5.79081092648e-15, -1.41670962228e-15, -0.739131175515, -2.73615015131e-15, 4.94860936278e-16, -3.10073227097e-14, -1.33958467001, -7.68901360512e-15, 0.00548372389772, 0.836955753242, 2.61761642899e-15, 4.72019239033e-15, -2.98919959646e-15, -3.29403772749e-15, -2.76266290457e-14, 1.85636926093],
    [1.26419791499e-22, 4.30818726527e-17, -1.95597737895e-15, 2.74450158992e-16, 0.142097226649, 3.56573374713e-16, -2.73904647056e-16, -5.8537116595e-16, 4.06200401147e-15, -0.25638702097, -3.00796090002e-16, 2.38124899151e-15, -1.58221678039e-15, -1.06699359726, 9.20251059414e-17, -1.45948147221e-15, -1.48301457292e-16, 1.06788741034e-15, 1.65877046919e-15, 2.49699022357e-15, -0.568075358613, 1.84020141164e-16, -2.58436288404e-17, -1.89733643525e-16, -1.27349145673e-16],
    [0.00629047002557, -0.0095405196062, -2.01378580842e-15, 0.134317818049, 2.40945947371e-16, -3.84908783554e-16, 0.147089805167, -0.316391246403, -1.12972090884e-15, 1.61524567788e-17, -0.0183444112784, 2.88379579447e-15, -0.783868323219, 1.21646284811e-15, 1.17589154146, -2.29624751556e-14, 0.0540508490487, 7.00438795512e-15, -2.54955381554e-15, 3.96208443882e-18, -7.80652086542e-17, 0.217691169286, 0.658021557312, 1.12126783647, 2.31551344879e-14],
    [0.0314656978716, 0.192441939923, 2.28410948013e-16, 0.226525550523, -7.93188777711e-16, -4.11678803017e-15, -0.4484158358, -0.825671499678, 3.21649947543e-16, 4.8840388458e-16, -0.0285348993612, -6.98910949596e-16, -0.504398956929, 1.26098218311e-15, -0.897021955786, 1.80885004668e-14, 0.350676326554, -1.4699712131e-14, -5.31105939547e-15, 6.42072997338e-18, 2.24642879041e-16, 1.28826105999, 1.16830691715, -0.549535291593, -2.54698353438e-15],
    [-1.04795613433e-25, 8.42911304686e-21, 2.79367821668e-17, -3.64379291108e-20, -4.21144446094e-18, -1.23823505314e-15, -1.57053141105e-17, -2.59767753941e-16, -0.956370828905, -2.49845482146e-14, 1.07795890926e-15, 4.87446989866e-15, 3.50312946037e-16, 2.47859487668e-15, -2.95565532253e-16, 6.85379053828e-16, -1.90897278819e-16, 2.19641728152e-17, 8.37474180515e-16, -0.603019458654, -3.02338567426e-15, 5.63832821226e-17, -1.71339325321e-16, 1.39563907107e-17, -8.77524895346e-17],
    [-9.21477504432e-18, -7.23619748938e-16, 0.164988531759, 7.28700161009e-16, 2.19446499891e-15, -0.363514422961, 2.79663940421e-15, 1.37380357278e-15, -2.45296967774e-15, -6.75429421206e-15, -1.90551483474e-15, -0.838741143869, -1.27486869243e-15, -6.52334565757e-16, 1.00127369066e-14, 0.68421143844, 6.24419253447e-15, 0.694080495954, -0.356555817443, -1.00558986879e-15, -1.21784829895e-15, 2.66793334261e-15, 4.89080485404e-15, 1.73968101796e-14, -1.03560169484],
    [0.0296449232226, 0.231443432235, 4.68942588938e-16, 0.121575137603, 3.99403068251e-18, -8.25721830772e-16, -0.00801242685799, 0.0497225760608, 7.45108211613e-16, 1.64410315256e-15, 1.06689151919, -1.17698654765e-15, 0.0348895236482, -8.23060284101e-16, 0.369537003099, -1.33283648755e-14, 0.80207456683, -2.27249946412e-15, -6.07566824546e-15, 6.10841359131e-17, 1.43262127691e-16, 1.29911068093, 0.533180404046, 0.419330385692, 1.28124434484e-14],
    [2.27882168766e-23, 7.87565238788e-18, -7.75161726828e-16, 5.38498291636e-17, 0.0271945223612, -5.02350475253e-16, -2.38805575817e-18, 5.57461366106e-16, -2.55804389573e-14, 0.937587186064, -1.6669232137e-15, -7.62218870639e-15, -5.80711951772e-16, -0.286795974641, 2.08896733294e-17, 2.73109910502e-16, -2.6405259995e-17, -1.14156713121e-15, -8.81229169815e-16, -2.26051556266e-15, 0.453778206107, -5.98107442115e-17, 1.58755561812e-17, 2.02272114182e-17, -2.78766892141e-16],
    [0.0300838492425, 0.190584322203, -1.69288944735e-17, 0.222813815456, -7.7705900946e-16, -3.98119034784e-16, -0.277856463931, 0.743747011316, -6.44587357998e-16, -9.5584480506e-16, -0.217727769618, 2.61571003237e-15, -0.761734087793, 1.0734633372e-15, -0.202604024537, -1.08782400445e-15, 0.55708137545, -4.39187440157e-15, -5.11344733234e-15, 7.9615543909e-17, 2.77957091828e-16, 1.60169950834, -0.0835431117931, -0.299924021794, -2.0294434707e-15],
    [-0.00238595353155, -0.00229584935291, 0.130300131783, -0.0946708285296, 2.05420345254e-15, 0.52964805825, -0.486735648457, 0.0192739112082, -1.80904035584e-15, -1.64636706781e-15, -0.0711897047487, -0.28938850124, 0.307252388637, -9.96340897384e-16, 1.16183113766, 0.718632246568, 0.46311711967, 0.789504279508, -0.747267708693, -1.87717198765e-15, -2.42543419565e-15, -0.28477904257, 0.0318525249535, 0.635948359677, -0.728350005045],
    [0.0105478708716, 0.0551835104389, -0.0342140421923, 0.0634247420243, -8.13430461648e-16, -0.0860437628354, -0.0147582524232, -0.0438545142258, 1.98724641328e-15, 6.18115362055e-16, 0.0313917523335, 0.162572567014, -0.131527364763, 4.43123252245e-16, 0.219617124835, 0.78409076491, -0.635427315273, -1.03654932486, 0.366378271922, 1.67395797441e-16, -2.00234319159e-15, 1.07539638497, 0.346553810822, 0.918883159655, -1.36918187437],
    [0.0014166764533, -0.0146185835777, -0.0990278752593, 0.0856546360564, -1.33451522827e-15, -0.151735553526, 0.125139773807, -0.0782789460716, 5.21167192581e-16, 7.48071957475e-16, 0.0196198212304, 0.120840798761, -0.156575303452, 4.80577214084e-17, 0.0308677435291, 0.0412820417351, -0.152444503572, -0.483517234593, -0.354556464628, -6.27242106577e-16, -1.27650440915e-15, 0.377278395133, -0.281796438019, -0.922977868971, 0.807954457608],
    [6.84049969556e-24, 2.65095319268e-18, -1.03384939311e-16, 1.49066127978e-17, 0.00796684292715, -1.19618355657e-17, -1.37715649556e-17, -6.98227347179e-17, -0.0619742702933, -0.0572660226868, 1.33122206974e-16, 1.12793745287e-15, -6.76961880676e-17, -0.0670372012768, -4.03440012443e-17, 2.32550382613e-15, -8.68633873497e-17, -1.0635304721e-15, -2.7412260928e-15, 0.801757468204, 0.823883755241, -1.43881894676e-16, 5.18483399849e-17, 6.09225925002e-17, 1.96744140569e-17],
    [-0.00176305414295, 0.00525989980193, 0.0756468141284, -0.0581729955514, 1.1089336724e-15, 0.103371937221, -0.0729003135899, -0.0175125732717, -9.6657432335e-16, -1.799152516e-15, 0.000479588117402, -0.153049175909, 0.0875427351223, -4.23266128262e-16, 0.079165686085, -0.263626518219, 0.124449811158, -0.116689973132, -0.514330241918, -6.19723842167e-16, -1.18441558916e-15, 0.0390443555652, -0.84620503301, 0.508446902693, -0.706127892785],
    [-0.00238595353155, -0.00229584935291, -0.130300131783, -0.0946708285296, -1.42162130113e-15, -0.52964805825, -0.486735648457, 0.0192739112082, -2.4055409119e-17, 1.50679783489e-15, -0.0711897047487, 0.28938850124, 0.307252388637, 2.48403950619e-16, 1.16183113766, -0.718632246568, 0.46311711967, -0.789504279508, 0.747267708693, 1.94114459626e-15, 2.27483588257e-15, -0.28477904257, 0.0318525249535, 0.635948359677, 0.728350005045],
    [0.0105478708716, 0.0551835104389, 0.0342140421923, 0.0634247420243, 1.19771912485e-15, 0.0860437628354, -0.0147582524232, -0.0438545142258, -1.72032881318e-15, -5.05701178469e-16, 0.0313917523335, -0.162572567014, -0.131527364763, 6.27382117443e-17, 0.219617124835, -0.78409076491, -0.635427315273, 1.03654932486, -0.366378271922, -1.76045024123e-16, 2.11242978832e-15, 1.07539638497, 0.346553810822, 0.918883159655, 1.36918187437],
    [-0.0014166764533, 0.0146185835777, -0.0990278752593, -0.0856546360564, -1.36347944283e-15, -0.151735553526, -0.125139773807, 0.0782789460716, 5.05518831863e-16, 5.80644580269e-16, -0.0196198212304, 0.120840798761, 0.156575303452, -6.47598549526e-16, -0.0308677435291, 0.0412820417351, 0.152444503572, -0.483517234593, -0.354556464628, -6.87081077844e-16, -1.49395469088e-15, -0.377278395133, 0.281796438019, 0.922977868971, 0.807954457608],
    [6.51745446369e-24, 2.66711465585e-18, -1.0852593608e-16, 1.48100484445e-17, 0.00796684292715, 8.14722265305e-17, -1.57070897946e-17, -3.56047690834e-17, 0.0619742702933, -0.0572660226868, -1.54343890166e-17, 3.68707182852e-16, -1.09501865747e-16, -0.0670372012768, 7.65065021513e-17, 1.32129394277e-15, 5.96298053078e-18, -1.26035490995e-15, -1.86864320203e-16, -0.801757468204, 0.823883755241, -9.33617545966e-17, 2.04858131129e-17, 2.94742130812e-17, -3.688034008e-17],
    [-0.00176305414295, 0.00525989980194, -0.0756468141284, -0.0581729955514, -7.39055158518e-16, -0.103371937221, -0.0729003135899, -0.0175125732717, 1.1982176132e-15, 1.82580232523e-15, 0.000479588117401, 0.153049175909, 0.0875427351223, 5.25354093953e-17, 0.079165686085, 0.263626518219, 0.124449811158, 0.116689973132, 0.514330241918, 6.68806190334e-16, 1.2118936473e-15, 0.0390443555652, -0.84620503301, 0.508446902693, 0.706127892786]
]

--------------------------------------------------------------------------------

                          SCF  Iteration: 2

--------------------------------------------------------------------------------


------ Hamiltonian ------

[
    [-16.3773075949, -0.594103126882, -4.29845503809e-13, 0.0, 0.023539428759, 0.167157293039, 2.414231803e-13, 0.0, -0.00915106211125, 0.076736766452, 0.0, -2.3076282706e-14, 0.108805253599, 0.0, 0.183512327961, -0.00454151723663, 0.0386826827725, -0.00647574399194, 0.0, 0.00645367810705, -0.00296001874015, 0.0335658286356, 0.00596848131823, 0.0, 0.00102098808203],
    [-0.594103126882, 0.673731045154, 1.1139569299e-11, 0.0, 0.158787884183, -0.931860298178, 2.16509371897e-12, 0.0, 0.0477369251048, -0.319855143017, 0.0, -6.26652024244e-12, -0.287460794462, 0.0, -0.589540564082, -0.0305441837663, -0.0126964010224, 0.0585917896801, 0.0, -0.0587194106856, -0.0278973138133, -0.00261554716958, -0.0612999182576, 0.0, -0.0526206081045],
    [-4.29845503809e-13, 1.1139569299e-11, 1.46687152092, 0.0, -9.71476561305e-13, 5.67512406577e-12, -0.859379529141, 0.0, -1.31603519353e-13, -1.1828963279e-11, 0.0, 0.223662808812, -1.68426988098e-11, 0.0, -2.7635497502e-11, -0.10648234657, 0.25403806455, 0.242065492866, 0.0, -0.341259148525, 0.143120833889, -0.233768720407, 0.236620877533, 0.0, 0.310953086847],
    [0.0, 0.0, 0.0, 1.59741454604, 0.0, 0.0, 0.0, -0.826931834237, 0.0, 0.0, 1.05889472538e-13, 0.0, 0.0, 0.108638813091, 0.0, 0.0, 0.0, 0.0, -0.0684610861813, 0.0, 0.0, 0.0, 0.0, -0.0705449313655, 0.0],
    [0.023539428759, 0.158787884183, -9.71476561305e-13, 0.0, 1.52247110666, 0.059616280744, -1.31517988326e-13, 0.0, -0.843734351731, 0.00700535628024, 0.0, 9.8843979876e-13, -0.0880499216577, 0.0, 0.126387661358, 0.108075493136, -0.178325554928, -0.251338809235, 0.0, 0.208354774531, 0.0898327147246, -0.193840169837, 0.267737645479, 0.0, 0.216206306199],
    [0.167157293039, -0.931860298178, 5.67512406577e-12, 0.0, 0.059616280744, 1.32804023485, 8.85176994871e-12, 0.0, 0.219986692915, 0.320589065286, 0.0, -2.58829217911e-12, 0.663546443879, 0.0, 0.983760460917, -0.230185927828, -0.0321111739627, 0.035802384877, 0.0, -0.054165645613, -0.226267134456, -0.0327322736533, -0.0476729516582, 0.0, -0.0240941335318],
    [2.414231803e-13, 2.16509371897e-12, -0.859379529141, 0.0, -1.31517988326e-13, 8.85176994871e-12, 1.10904465645, 0.0, 4.98752822153e-13, -7.2344503229e-12, 0.0, 0.211954653604, -1.00963773304e-11, 0.0, -1.61221765595e-11, -0.135756597876, -0.406133752663, -0.294864650887, 0.0, 0.33949106706, 0.0996488723238, 0.39546744946, -0.286739324237, 0.0, -0.268821576844],
    [0.0, 0.0, 0.0, -0.826931834237, 0.0, 0.0, 0.0, 1.32862950268, 0.0, 0.0, -8.84189234703e-14, 0.0, 0.0, 0.0733447862173, 0.0, 0.0, 0.0, 0.0, 0.00433246742606, 0.0, 0.0, 0.0, 0.0, 0.0044643407569, 0.0],
    [-0.00915106211125, 0.0477369251048, -1.31603519353e-13, 0.0, -0.843734351731, 0.219986692915, 4.98752822153e-13, 0.0, 1.20311332667, 0.0123816609906, 0.0, 8.92204868657e-13, -0.102401081314, 0.0, 0.0489274637809, 0.094164717216, 0.283820371243, 0.234365843347, 0.0, -0.224576576005, 0.118216027411, 0.302809894432, -0.236979816667, 0.0, -0.274968534962],
